    1 970 528 1088 940
    2 970 528 1088 940
    3 970 528 1088 940
    4 970 528 1088 940
    5 970 528 1088 940
    6 970 528 1088 940
    7 970 528 1088 940
    8 970 528 1088 940
    9 970 528 1088 940
   10 970 528 1088 940
   11 970 528 1088 940
   12 970 528 1088 940
   13 970 528 1088 940
   14 970 528 1088 940
   15 970 528 1088 940
   16 970 528 1088 940
   17 970 528 1088 940
   18 970 528 1088 940
   19 970 528 1088 940
   20 970 528 1088 940
   21 970 528 1088 940
   22 970 528 1088 940
   23 970 528 1088 940
   24 970 528 1088 940
   25 970 528 1088 940
   26 970 528 1088 940
   27 970 528 1088 940
   28 970 528 1088 940
   29 970 528 1088 940
   30 970 528 1088 940
   31 970 528 1088 940
   32 970 528 1088 940
   33 970 528 1088 940
   34 970 528 1088 940
   35 970 528 1088 940
   36 970 528 1088 940
   37 970 528 1088 940
   38 970 528 1088 940
   39 970 528 1088 940
   40 970 528 1088 940
   41 970 528 1088 940
   42 970 528 1088 940
   43 970 528 1088 940
   44 970 528 1088 940
   45 970 528 1088 940
   46 970 528 1088 940
   47 970 528 1088 940
   48 970 528 1088 940
   49 970 528 1088 940
   50 970 528 1088 940
   51 970 528 1088 940
   52 970 528 1088 940
   53 970 528 1088 940
   54 970 528 1088 940
   55 970 528 1088 940
   56 970 528 1088 940
   57 970 528 1088 940
   58 970 528 1088 940
   59 970 528 1088 940
   60 970 528 1088 940
   61 970 528 1088 940
   62 970 528 1088 940
   63 970 528 1088 940
   64 970 528 1088 940
   65 970 528 1088 940
   66 970 528 1088 940
   67 970 528 1088 940
   68 970 528 1088 940
   69 970 528 1088 940
   70 970 528 1088 940
   71 970 528 1088 940
   72 970 528 1088 940
   73 970 528 1088 940
   74 970 528 1088 940
   75 970 528 1088 940
   76 970 528 1088 940
   77 970 528 1088 940
   78 970 528 1088 940
   79 970 528 1088 940
   80 970 528 1088 940
   81 970 528 1088 940
   82 970 528 1088 940
   83 970 528 1088 940
   84 970 528 1088 940
   85 970 528 1088 940
   86 970 528 1088 940
   87 970 528 1088 940
   88 970 528 1088 940
   89 970 528 1088 940
   90 970 528 1088 940
   91 970 528 1088 940
   92 970 528 1088 940
   93 970 528 1088 940
   94 970 528 1088 940
   95 970 528 1088 940
   96 970 528 1088 940
   97 970 528 1088 940
   98 970 528 1088 940
   99 970 528 1088 940
  100 970 528 1088 940
  101 970 528 1088 940
  102 970 528 1088 940
  103 970 528 1088 940
  104 970 528 1088 940
  105 970 528 1088 940
  106 970 528 1088 940
  107 970 528 1088 940
  108 970 528 1088 940
  109 970 528 1088 940
  110 970 528 1088 940
  111 970 528 1088 940
  112 970 528 1088 940
  113 970 528 1088 940
  114 1036 532 1212 960
  115 1036 532 1212 960
  116 1036 532 1212 960
  117 1036 532 1212 960
  118 1036 532 1212 960
  119 1036 532 1212 960
  120 1036 532 1212 960
  121 1036 532 1212 960
  122 1036 532 1212 960
  123 1036 532 1212 960
  124 1036 532 1212 960
  125 1036 532 1212 960
  126 1036 532 1212 960
  127 1036 532 1212 960
  128 1036 532 1212 960
  129 1036 532 1212 960
  130 1036 532 1212 960
  131 1036 532 1212 960
  132 1036 532 1212 960
  133 1036 532 1212 960
  134 1036 532 1212 960
  135 1036 532 1212 960
  136 1036 532 1212 960
  137 1036 532 1212 960
  138 1036 532 1212 960
  139 1036 532 1212 960
  140 1036 532 1212 960
  141 1036 532 1212 960
  142 1036 532 1212 960
  143 1036 532 1212 960
  144 1036 532 1212 960
  145 1036 532 1212 960
  146 1036 532 1212 960
  147 1144 556 1350 964
  148 1144 556 1350 964
  149 1144 556 1350 964
  150 1144 556 1350 964
  151 1144 556 1350 964
  152 1144 556 1350 964
  153 1144 556 1350 964
  154 1144 556 1350 964
  155 1144 556 1350 964
  156 1144 556 1350 964
  157 1144 556 1350 964
  158 1144 556 1350 964
  159 1144 556 1350 964
  160 1144 556 1350 964
  161 1144 556 1350 964
  162 1144 556 1350 964
  163 1144 556 1350 964
  164 1144 556 1350 964
  165 1144 556 1350 964
  166 1144 556 1350 964
  167 1144 556 1350 964
  168 1144 556 1350 964
  169 1144 556 1350 964
  170 1144 556 1350 964
  171 1144 556 1350 964
  172 1144 556 1350 964
  173 1144 556 1350 964
  174 1144 556 1350 964
  175 1144 556 1350 964
  176 1144 556 1350 964
  177 1144 556 1350 964
  178 1144 556 1350 964
  179 1144 556 1350 964
  180 1144 556 1350 964
  181 1144 556 1350 964
  182 1144 556 1350 964
  183 1144 556 1350 964
  184 1144 556 1350 964
  185 1144 556 1350 964
  186 1144 556 1350 964
  187 1296 552 1500 974
  188 1296 552 1500 974
  189 1296 552 1500 974
  190 1296 552 1500 974
  191 1296 552 1500 974
  192 1296 552 1500 974
  193 1296 552 1500 974
  194 1296 552 1500 974
  195 1296 552 1500 974
  196 1296 552 1500 974
  197 1296 552 1500 974
  198 1296 552 1500 974
  199 1296 552 1500 974
  200 1296 552 1500 974
  201 1296 552 1500 974
  202 1296 552 1500 974
  203 1296 552 1500 974
  204 1296 552 1500 974
  205 1296 552 1500 974
  206 1296 552 1500 974
  207 1296 552 1500 974
  208 1296 552 1500 974
  209 1432 554 1600 968
  210 1432 554 1600 968
  211 1432 554 1600 968
  212 1432 554 1600 968
  213 1432 554 1600 968
  214 1432 554 1600 968
  215 1432 554 1600 968
  216 1432 554 1600 968
  217 1432 554 1600 968
  218 1432 554 1600 968
  219 1432 554 1600 968
  220 1432 554 1600 968
  221 1432 554 1600 968
  222 1432 554 1600 968
  223 1432 554 1600 968
  224 1432 554 1600 968
  225 1432 554 1600 968
  226 1432 554 1600 968
  227 1432 554 1600 968
  228 1432 554 1600 968
  229 1432 554 1600 968
  230 1432 554 1600 968
  231 1432 554 1600 968
  232 1432 554 1600 968
  233 1432 554 1600 968
  234 1432 554 1600 968
  235 1432 554 1600 968
  236 1432 554 1600 968
  237 1432 554 1600 968
  238 1432 554 1600 968
  239 1432 554 1600 968
  240 1432 554 1600 968
  241 1432 554 1600 968
  242 1432 554 1600 968
  243 1432 554 1600 968
  244 1432 554 1600 968
  245 1432 554 1600 968
  246 1432 554 1600 968
  247 1432 554 1600 968
  248 1432 554 1600 968
  249 1536 546 1682 936
  250 1536 546 1682 936
  251 1536 546 1682 936
  252 1536 546 1682 936
  253 1536 546 1682 936
  254 1536 546 1682 936
  255 1536 546 1682 936
  256 1536 546 1682 936
  257 1536 546 1682 936
  258 1536 546 1682 936
  259 1536 546 1682 936
  260 1536 546 1682 936
  261 1536 546 1682 936
  262 1536 546 1682 936
  263 1536 546 1682 936
  264 1536 546 1682 936
  265 1536 546 1682 936
  266 1536 546 1682 936
  267 1536 546 1682 936
  268 1536 546 1682 936
  269 1536 546 1682 936
  270 1536 546 1682 936
  271 1536 546 1682 936
  272 1536 546 1682 936
  273 1536 546 1682 936
  274 1536 546 1682 936
  275 1536 546 1682 936
  276 1536 546 1682 936
  277 1536 546 1682 936
  278 1536 546 1682 936
  279 1536 546 1682 936
  280 1536 546 1682 936
  281 1536 546 1682 936
  282 1536 546 1682 936
  283 1536 546 1682 936
  284 1536 546 1682 936
  285 1536 546 1682 936
  286 1536 546 1682 936
  287 1536 546 1682 936
  288 1536 546 1682 936
  289 1536 546 1682 936
  290 1536 546 1682 936
  291 1536 546 1682 936
  292 1536 546 1682 936
  293 1536 546 1682 936
  294 1536 546 1682 936
  295 1536 546 1682 936
  296 1536 546 1682 936
  297 1536 546 1682 936
  298 1536 546 1682 936
  299 1536 546 1682 936
  300 1536 546 1682 936
  301 1536 546 1682 936
  302 1536 546 1682 936
  303 1536 546 1682 936
  304 1536 546 1682 936
  305 1536 546 1682 936
  306 1536 546 1682 936
  307 1536 546 1682 936
  308 1536 546 1682 936
  309 1536 546 1682 936
  310 1536 546 1682 936
  311 1606 514 1750 876
  312 1606 514 1750 876
  313 1606 514 1750 876
  314 1606 514 1750 876
  315 1606 514 1750 876
  316 1606 514 1750 876
  317 1606 514 1750 876
  318 1606 514 1750 876
  319 1606 514 1750 876
  320 1606 514 1750 876
  321 1606 514 1750 876
  322 1606 514 1750 876
  323 1606 514 1750 876
  324 1606 514 1750 876
  325 1606 514 1750 876
  326 1606 514 1750 876
  327 1606 514 1750 876
  328 1606 514 1750 876
  329 1606 514 1750 876
  330 1606 514 1750 876
  331 1606 514 1750 876
  332 1606 514 1750 876
  333 1606 514 1750 876
  334 1606 514 1750 876
  335 1606 514 1750 876
  336 1606 514 1750 876
  337 1606 514 1750 876
  338 1606 514 1750 876
  339 1606 514 1750 876
  340 1606 514 1750 876
  341 1606 514 1750 876
  342 1606 514 1750 876
  343 1606 514 1750 876
  344 1606 514 1750 876
  345 1606 514 1750 876
  346 1606 514 1750 876
  347 1606 514 1750 876
  348 1606 514 1750 876
  349 1606 514 1750 876
  350 1606 514 1750 876
  351 1606 514 1750 876
  352 1606 514 1750 876
  353 1606 514 1750 876
  354 1606 514 1750 876
  355 1606 514 1750 876
  356 1606 514 1750 876
  357 1606 514 1750 876
  358 1606 514 1750 876
  359 1606 514 1750 876
  360 1606 514 1750 876
  361 1606 514 1750 876
  362 1606 514 1750 876
  363 1606 514 1750 876
  364 1606 514 1750 876
  365 1606 514 1750 876
  366 1606 514 1750 876
  367 1606 514 1750 876
  368 1606 514 1750 876
  369 1606 514 1750 876
  370 1606 514 1750 876
  371 1606 514 1750 876
  372 1606 514 1750 876
  373 1606 514 1750 876
  374 1606 514 1750 876
  375 1606 514 1750 876
  376 1606 514 1750 876
  377 1606 514 1750 876
  378 1606 514 1750 876
  379 1606 514 1750 876
  380 1606 514 1750 876
  381 1606 514 1750 876
  382 1606 514 1750 876
  383 1606 514 1750 876
  384 1606 514 1750 876
  385 1606 514 1750 876
  386 1606 514 1750 876
  387 1606 514 1750 876
  388 1606 514 1750 876
  389 1606 514 1750 876
  390 1606 514 1750 876
  391 1606 514 1750 876
  392 1606 514 1750 876
  393 1606 514 1750 876
  394 1606 514 1750 876
  395 1606 514 1750 876
  396 1606 514 1750 876
  397 1606 514 1750 876
  398 1606 514 1750 876
  399 1606 514 1750 876
  400 1606 514 1750 876
  401 1606 514 1750 876
  402 1606 514 1750 876
  403 1606 514 1750 876
  404 1606 514 1750 876
  405 1528 480 1638 776
  406 1528 480 1638 776
  407 1528 480 1638 776
  408 1528 480 1638 776
  409 1528 480 1638 776
  410 1528 480 1638 776
  411 1528 480 1638 776
  412 1528 480 1638 776
  413 1528 480 1638 776
  414 1528 480 1638 776
  415 1528 480 1638 776
  416 1528 480 1638 776
  417 1528 480 1638 776
  418 1528 480 1638 776
  419 1528 480 1638 776
  420 1528 480 1638 776
  421 1528 480 1638 776
  422 1528 480 1638 776
  423 1528 480 1638 776
  424 1528 480 1638 776
  425 1528 480 1638 776
  426 1528 480 1638 776
  427 1528 480 1638 776
  428 1528 480 1638 776
  429 1528 480 1638 776
  430 1528 480 1638 776
  431 1528 480 1638 776
  432 1528 480 1638 776
  433 1528 480 1638 776
  434 1528 480 1638 776
  435 1528 480 1638 776
  436 1528 480 1638 776
  437 1528 480 1638 776
  438 1528 480 1638 776
  439 1528 480 1638 776
  440 1528 480 1638 776
  441 1528 480 1638 776
  442 1528 480 1638 776
  443 1528 480 1638 776
  444 1528 480 1638 776
  445 1528 480 1638 776
  446 1528 480 1638 776
  447 1528 480 1638 776
  448 1528 480 1638 776
  449 1528 480 1638 776
  450 1528 480 1638 776
  451 1528 480 1638 776
  452 1528 480 1638 776
  453 1528 480 1638 776
  454 1528 480 1638 776
  455 1528 480 1638 776
  456 1528 480 1638 776
  457 1528 480 1638 776
  458 1528 480 1638 776
  459 1528 480 1638 776
  460 1528 480 1638 776
  461 1528 480 1638 776
  462 1528 480 1638 776
  463 1528 480 1638 776
  464 1528 480 1638 776
  465 1528 480 1638 776
  466 1528 480 1638 776
  467 1528 480 1638 776
  468 1528 480 1638 776
  469 1528 480 1638 776
  470 1528 480 1638 776
  471 1528 480 1638 776
  472 1528 480 1638 776
  473 1528 480 1638 776
  474 1528 480 1638 776
  475 1528 480 1638 776
  476 1528 480 1638 776
  477 1528 480 1638 776
  478 1528 480 1638 776
  479 1528 480 1638 776
  480 1528 480 1638 776
  481 1528 480 1638 776
  482 1528 480 1638 776
  483 1528 480 1638 776
  484 1528 480 1638 776
  485 1528 480 1638 776
  486 1528 480 1638 776
  487 1528 480 1638 776
  488 1528 480 1638 776
  489 1528 480 1638 776
  490 1528 480 1638 776
  491 1528 480 1638 776
  492 1528 480 1638 776
  493 1528 480 1638 776
  494 1528 480 1638 776
  495 1528 480 1638 776
  496 1528 480 1638 776
  497 1528 480 1638 776
  498 1528 480 1638 776
  499 1528 480 1638 776
  500 1528 480 1638 776
  501 1528 480 1638 776
  502 1472 460 1572 748
  503 1472 460 1572 748
  504 1472 460 1572 748
  505 1472 460 1572 748
  506 1472 460 1572 748
  507 1472 460 1572 748
  508 1472 460 1572 748
  509 1472 460 1572 748
  510 1472 460 1572 748
  511 1472 460 1572 748
  512 1472 460 1572 748
  513 1472 460 1572 748
  514 1472 460 1572 748
  515 1472 460 1572 748
  516 1472 460 1572 748
  517 1472 460 1572 748
  518 1472 460 1572 748
  519 1472 460 1572 748
  520 1472 460 1572 748
  521 1472 460 1572 748
  522 1472 460 1572 748
  523 1472 460 1572 748
  524 1472 460 1572 748
  525 1472 460 1572 748
  526 1472 460 1572 748
  527 1472 460 1572 748
  528 1472 460 1572 748
  529 1472 460 1572 748
  530 1472 460 1572 748
  531 1472 460 1572 748
  532 1472 460 1572 748
  533 1472 460 1572 748
  534 1472 460 1572 748
  535 1472 460 1572 748
  536 1472 460 1572 748
  537 1472 460 1572 748
  538 1472 460 1572 748
  539 1472 460 1572 748
  540 1472 460 1572 748
  541 1472 460 1572 748
  542 1472 460 1572 748
  543 1472 460 1572 748
  544 1472 460 1572 748
  545 1472 460 1572 748
  546 1472 460 1572 748
  547 1472 460 1572 748
  548 1472 460 1572 748
  549 1472 460 1572 748
  550 1472 460 1572 748
  551 1472 460 1572 748
  552 1472 460 1572 748
  553 1472 460 1572 748
  554 1472 460 1572 748
  555 1472 460 1572 748
  556 1472 460 1572 748
  557 1472 460 1572 748
  558 1472 460 1572 748
  559 1472 460 1572 748
  560 1472 460 1572 748
  561 1472 460 1572 748
  562 1472 460 1572 748
  563 1472 460 1572 748
  564 1472 460 1572 748
  565 1472 460 1572 748
  566 1472 460 1572 748
  567 1472 460 1572 748
  568 1472 460 1572 748
  569 1472 460 1572 748
  570 1472 460 1572 748
  571 1472 460 1572 748
  572 1472 460 1572 748
  573 1472 460 1572 748
  574 1472 460 1572 748
  575 1472 460 1572 748
  576 1472 460 1572 748
  577 1472 460 1572 748
  578 1472 460 1572 748
  579 1472 460 1572 748
  580 1408 456 1498 738
  581 1408 456 1498 738
  582 1408 456 1498 738
  583 1408 456 1498 738
  584 1408 456 1498 738
  585 1408 456 1498 738
  586 1408 456 1498 738
  587 1408 456 1498 738
  588 1408 456 1498 738
  589 1408 456 1498 738
  590 1408 456 1498 738
  591 1408 456 1498 738
  592 1408 456 1498 738
  593 1408 456 1498 738
  594 1408 456 1498 738
  595 1408 456 1498 738
  596 1408 456 1498 738
  597 1408 456 1498 738
  598 1408 456 1498 738
  599 1408 456 1498 738
  600 1408 456 1498 738
  601 1408 456 1498 738
  602 1408 456 1498 738
  603 1408 456 1498 738
  604 1408 456 1498 738
  605 1408 456 1498 738
  606 1408 456 1498 738
  607 1408 456 1498 738
  608 1408 456 1498 738
  609 1408 456 1498 738
  610 1408 456 1498 738
  611 1408 456 1498 738
  612 1408 456 1498 738
  613 1408 456 1498 738
  614 1408 456 1498 738
  615 1408 456 1498 738
  616 1408 456 1498 738
  617 1408 456 1498 738
  618 1408 456 1498 738
  619 1408 456 1498 738
  620 1408 456 1498 738
  621 1326 456 1424 734
  622 1326 456 1424 734
  623 1326 456 1424 734
  624 1326 456 1424 734
  625 1326 456 1424 734
  626 1326 456 1424 734
  627 1326 456 1424 734
  628 1326 456 1424 734
  629 1326 456 1424 734
  630 1326 456 1424 734
  631 1326 456 1424 734
  632 1326 456 1424 734
  633 1326 456 1424 734
  634 1326 456 1424 734
  635 1326 456 1424 734
  636 1326 456 1424 734
  637 1326 456 1424 734
  638 1326 456 1424 734
  639 1326 456 1424 734
  640 1326 456 1424 734
  641 1326 456 1424 734
  642 1326 456 1424 734
  643 1326 456 1424 734
  644 1326 456 1424 734
  645 1326 456 1424 734
  646 1326 456 1424 734
  647 1326 456 1424 734
  648 1326 456 1424 734
  649 1326 456 1424 734
  650 1326 456 1424 734
  651 1326 456 1424 734
  652 1326 456 1424 734
  653 1326 456 1424 734
  654 1326 456 1424 734
  655 1326 456 1424 734
  656 1226 456 1340 736
  657 1226 456 1340 736
  658 1226 456 1340 736
  659 1226 456 1340 736
  660 1226 456 1340 736
  661 1226 456 1340 736
  662 1226 456 1340 736
  663 1226 456 1340 736
  664 1226 456 1340 736
  665 1226 456 1340 736
  666 1226 456 1340 736
  667 1226 456 1340 736
  668 1226 456 1340 736
  669 1226 456 1340 736
  670 1226 456 1340 736
  671 1226 456 1340 736
  672 1226 456 1340 736
  673 1226 456 1340 736
  674 1226 456 1340 736
  675 1226 456 1340 736
  676 1226 456 1340 736
  677 1226 456 1340 736
  678 1226 456 1340 736
  679 1226 456 1340 736
  680 1226 456 1340 736
  681 1226 456 1340 736
  682 1226 456 1340 736
  683 1226 456 1340 736
  684 1226 456 1340 736
  685 1226 456 1340 736
  686 1226 456 1340 736
  687 1226 456 1340 736
  688 1226 456 1340 736
  689 1226 456 1340 736
  690 1226 456 1340 736
  691 1226 456 1340 736
  692 1226 456 1340 736
  693 1130 450 1230 734
  694 1130 450 1230 734
  695 1130 450 1230 734
  696 1130 450 1230 734
  697 1130 450 1230 734
  698 1130 450 1230 734
  699 1130 450 1230 734
  700 1130 450 1230 734
  701 1130 450 1230 734
  702 1130 450 1230 734
  703 1130 450 1230 734
  704 1130 450 1230 734
  705 1130 450 1230 734
  706 1130 450 1230 734
  707 1130 450 1230 734
  708 1130 450 1230 734
  709 1130 450 1230 734
  710 1130 450 1230 734
  711 1130 450 1230 734
  712 1130 450 1230 734
  713 1130 450 1230 734
  714 1130 450 1230 734
  715 1130 450 1230 734
  716 1130 450 1230 734
  717 1130 450 1230 734
  718 1130 450 1230 734
  719 1130 450 1230 734
  720 1130 450 1230 734
  721 1130 450 1230 734
  722 1130 450 1230 734
  723 1130 450 1230 734
  724 1130 450 1230 734
  725 1130 450 1230 734
  726 1130 450 1230 734
  727 1130 450 1230 734
  728 1130 450 1230 734
  729 1130 450 1230 734
  730 1032 448 1108 730
  731 1032 448 1108 730
  732 1032 448 1108 730
  733 1032 448 1108 730
  734 1032 448 1108 730
  735 1032 448 1108 730
  736 1032 448 1108 730
  737 1032 448 1108 730
  738 1032 448 1108 730
  739 1032 448 1108 730
  740 1032 448 1108 730
  741 1032 448 1108 730
  742 1032 448 1108 730
  743 1032 448 1108 730
  744 1032 448 1108 730
  745 1032 448 1108 730
  746 1032 448 1108 730
  747 1032 448 1108 730
  748 1032 448 1108 730
  749 1032 448 1108 730
  750 1032 448 1108 730
  751 1032 448 1108 730
  752 1032 448 1108 730
  753 1032 448 1108 730
  754 1032 448 1108 730
  755 984 460 1054 736
  756 984 460 1054 736
  757 984 460 1054 736
  758 984 460 1054 736
  759 984 460 1054 736
  760 984 460 1054 736
  761 984 460 1054 736
  762 984 460 1054 736
  763 984 460 1054 736
  764 984 460 1054 736
  765 984 460 1054 736
  766 984 460 1054 736
  767 984 460 1054 736
  768 984 460 1054 736
  769 984 460 1054 736
  770 984 460 1054 736
  771 984 460 1054 736
  772 918 454 982 754
  773 918 454 982 754
  774 918 454 982 754
  775 918 454 982 754
  776 918 454 982 754
  777 918 454 982 754
  778 918 454 982 754
  779 918 454 982 754
  780 918 454 982 754
  781 918 454 982 754
  782 918 454 982 754
  783 918 454 982 754
  784 918 454 982 754
  785 918 454 982 754
  786 918 454 982 754
  787 918 454 982 754
  788 918 454 982 754
  789 918 454 982 754
  790 918 454 982 754
  791 918 454 982 754
  792 836 444 914 748
  793 836 444 914 748
  794 836 444 914 748
  795 836 444 914 748
  796 836 444 914 748
  797 836 444 914 748
  798 836 444 914 748
  799 836 444 914 748
  800 836 444 914 748
  801 836 444 914 748
  802 836 444 914 748
  803 836 444 914 748
  804 836 444 914 748
  805 836 444 914 748
  806 836 444 914 748
  807 836 444 914 748
  808 836 444 914 748
  809 836 444 914 748
  810 836 444 914 748
  811 836 444 914 748
  812 836 444 914 748
  813 836 444 914 748
  814 836 444 914 748
  815 836 444 914 748
  816 836 444 914 748
  817 836 444 914 748
  818 836 444 914 748
  819 836 444 914 748
  820 736 454 838 740
  821 736 454 838 740
  822 736 454 838 740
  823 736 454 838 740
  824 736 454 838 740
  825 736 454 838 740
  826 736 454 838 740
  827 736 454 838 740
  828 736 454 838 740
  829 736 454 838 740
  830 736 454 838 740
  831 736 454 838 740
  832 736 454 838 740
  833 736 454 838 740
  834 736 454 838 740
  835 736 454 838 740
  836 736 454 838 740
  837 736 454 838 740
  838 736 454 838 740
  839 736 454 838 740
  840 736 454 838 740
  841 736 454 838 740
  842 736 454 838 740
  843 736 454 838 740
  844 736 454 838 740
  845 736 454 838 740
  846 736 454 838 740
  847 736 454 838 740
  848 736 454 838 740
  849 660 454 768 740
  850 660 454 768 740
  851 660 454 768 740
  852 660 454 768 740
  853 660 454 768 740
  854 660 454 768 740
  855 660 454 768 740
  856 660 454 768 740
  857 660 454 768 740
  858 660 454 768 740
  859 660 454 768 740
  860 660 454 768 740
  861 660 454 768 740
  862 660 454 768 740
  863 660 454 768 740
  864 660 454 768 740
  865 660 454 768 740
  866 660 454 768 740
  867 660 454 768 740
  868 660 454 768 740
  869 660 454 768 740
  870 660 454 768 740
  871 660 454 768 740
  872 660 454 768 740
  873 660 454 768 740
  874 660 454 768 740
  875 660 454 768 740
  876 660 454 768 740
  877 660 454 768 740
  878 660 454 768 740
  879 660 454 768 740
  880 660 454 768 740
  881 660 454 768 740
  882 660 454 768 740
  883 660 454 768 740
  884 660 454 768 740
  885 564 456 654 752
  886 564 456 654 752
  887 564 456 654 752
  888 564 456 654 752
  889 564 456 654 752
  890 564 456 654 752
  891 564 456 654 752
  892 564 456 654 752
  893 564 456 654 752
  894 564 456 654 752
  895 564 456 654 752
  896 564 456 654 752
  897 564 456 654 752
  898 564 456 654 752
  899 564 456 654 752
  900 564 456 654 752
  901 564 456 654 752
  902 564 456 654 752
  903 564 456 654 752
  904 564 456 654 752
  905 564 456 654 752
  906 564 456 654 752
  907 564 456 654 752
  908 564 456 654 752
  909 564 456 654 752
  910 564 456 654 752
  911 564 456 654 752
  912 564 456 654 752
  913 564 456 654 752
  914 564 456 654 752
  915 564 456 654 752
  916 564 456 654 752
  917 564 456 654 752
  918 564 456 654 752
  919 564 456 654 752
  920 564 456 654 752
  921 564 456 654 752
  922 564 456 654 752
  923 564 456 654 752
  924 564 456 654 752
  925 564 456 654 752
  926 564 456 654 752
  927 564 456 654 752
  928 564 456 654 752
  929 564 456 654 752
  930 564 456 654 752
  931 564 456 654 752
  932 564 456 654 752
  933 564 456 654 752
  934 564 456 654 752
  935 564 456 654 752
  936 564 456 654 752
  937 564 456 654 752
  938 564 456 654 752
  939 564 456 654 752
  940 564 456 654 752
  941 564 456 654 752
  942 564 456 654 752
  943 564 456 654 752
  944 564 456 654 752
  945 564 456 654 752
  946 564 456 654 752
  947 564 456 654 752
  948 476 458 566 766
  949 476 458 566 766
  950 476 458 566 766
  951 476 458 566 766
  952 476 458 566 766
  953 476 458 566 766
  954 476 458 566 766
  955 476 458 566 766
  956 476 458 566 766
  957 476 458 566 766
  958 476 458 566 766
  959 476 458 566 766
  960 476 458 566 766
  961 476 458 566 766
  962 476 458 566 766
  963 476 458 566 766
  964 476 458 566 766
  965 476 458 566 766
  966 476 458 566 766
  967 476 458 566 766
  968 476 458 566 766
  969 476 458 566 766
  970 476 458 566 766
  971 476 458 566 766
  972 476 458 566 766
  973 476 458 566 766
  974 476 458 566 766
  975 476 458 566 766
  976 476 458 566 766
  977 476 458 566 766
  978 476 458 566 766
  979 476 458 566 766
  980 476 458 566 766
  981 476 458 566 766
  982 476 458 566 766
  983 476 458 566 766
  984 476 458 566 766
  985 476 458 566 766
  986 476 458 566 766
  987 476 458 566 766
  988 476 458 566 766
  989 476 458 566 766
  990 476 458 566 766
  991 476 458 566 766
  992 476 458 566 766
  993 476 458 566 766
  994 476 458 566 766
  995 476 458 566 766
  996 476 458 566 766
  997 476 458 566 766
  998 476 458 566 766
  999 476 458 566 766
 1000 476 458 566 766
 1001 476 458 566 766
 1002 476 458 566 766
 1003 476 458 566 766
 1004 476 458 566 766
 1005 476 458 566 766
 1006 476 458 566 766
 1007 476 458 566 766
 1008 476 458 566 766
 1009 476 458 566 766
 1010 476 458 566 766
 1011 476 458 566 766
 1012 476 458 566 766
 1013 476 458 566 766
 1014 476 458 566 766
 1015 476 458 566 766
 1016 476 458 566 766
 1017 476 458 566 766
 1018 476 458 566 766
 1019 476 458 566 766
 1020 476 458 566 766
 1021 476 458 566 766
 1022 476 458 566 766
 1023 476 458 566 766
 1024 476 458 566 766
 1025 476 458 566 766
 1026 476 458 566 766
 1027 476 458 566 766
 1028 476 458 566 766
 1029 476 458 566 766
 1030 476 458 566 766
 1031 476 458 566 766
 1032 476 458 566 766
 1033 476 458 566 766
 1034 476 458 566 766
 1035 476 458 566 766
 1036 476 458 566 766
 1037 476 458 566 766
 1038 476 458 566 766
 1039 476 458 566 766
 1040 476 458 566 766
 1041 476 458 566 766
 1042 476 458 566 766
 1043 476 458 566 766
 1044 476 458 566 766
 1045 476 458 566 766
 1046 476 458 566 766
 1047 476 458 566 766
 1048 476 458 566 766
 1049 476 458 566 766
 1050 476 458 566 766
 1051 476 458 566 766
 1052 476 458 566 766
 1053 476 458 566 766
 1054 476 458 566 766
 1055 476 458 566 766
 1056 476 458 566 766
 1057 476 458 566 766
 1058 476 458 566 766
 1059 476 458 566 766
 1060 476 458 566 766
 1061 476 458 566 766
 1062 476 458 566 766
 1063 476 458 566 766
 1064 476 458 566 766
 1065 476 458 566 766
 1066 476 458 566 766
 1067 476 458 566 766
 1068 476 458 566 766
 1069 476 458 566 766
 1070 476 458 566 766
 1071 476 458 566 766
 1072 476 458 566 766
 1073 476 458 566 766
 1074 476 458 566 766
 1075 476 458 566 766
 1076 476 458 566 766
 1077 476 458 566 766
 1078 476 458 566 766
 1079 476 458 566 766
 1080 476 458 566 766
 1081 476 458 566 766
 1082 476 458 566 766
 1083 476 458 566 766
 1084 476 458 566 766
 1085 476 458 566 766
 1086 476 458 566 766
 1087 476 458 566 766
 1088 476 458 566 766
 1089 476 458 566 766
 1090 476 458 566 766
 1091 476 458 566 766
 1092 476 458 566 766
 1093 476 458 566 766
 1094 476 458 566 766
 1095 476 458 566 766
 1096 476 458 566 766
 1097 476 458 566 766
 1098 476 458 566 766
 1099 476 458 566 766
 1100 476 458 566 766
 1101 476 458 566 766
 1102 476 458 566 766
 1103 476 458 566 766
 1104 476 458 566 766
 1105 476 458 566 766
 1106 476 458 566 766
 1107 476 458 566 766
 1108 476 458 566 766
 1109 476 458 566 766
 1110 476 458 566 766
 1111 476 458 566 766
 1112 476 458 566 766
 1113 476 458 566 766
 1114 476 458 566 766
 1115 476 458 566 766
 1116 476 458 566 766
 1117 476 458 566 766
 1118 476 458 566 766
 1119 476 458 566 766
 1120 476 458 566 766
 1121 476 458 566 766
 1122 476 458 566 766
 1123 476 458 566 766
 1124 476 458 566 766
 1125 476 458 566 766
 1126 476 458 566 766
 1127 476 458 566 766
 1128 476 458 566 766
 1129 476 458 566 766
 1130 476 458 566 766
 1131 476 458 566 766
 1132 476 458 566 766
 1133 476 458 566 766
 1134 476 458 566 766
 1135 476 458 566 766
 1136 476 458 566 766
 1137 476 458 566 766
 1138 476 458 566 766
 1139 476 458 566 766
 1140 476 458 566 766
 1141 476 458 566 766
 1142 476 458 566 766
 1143 476 458 566 766
 1144 476 458 566 766
 1145 476 458 566 766
 1146 476 458 566 766
 1147 476 458 566 766
 1148 476 458 566 766
 1149 476 458 566 766
 1150 476 458 566 766
 1151 476 458 566 766
 1152 476 458 566 766
 1153 476 458 566 766
 1154 542 484 670 832
 1155 542 484 670 832
 1156 542 484 670 832
 1157 542 484 670 832
 1158 542 484 670 832
 1159 542 484 670 832
 1160 542 484 670 832
 1161 542 484 670 832
 1162 542 484 670 832
 1163 542 484 670 832
 1164 542 484 670 832
 1165 542 484 670 832
 1166 542 484 670 832
 1167 542 484 670 832
 1168 542 484 670 832
 1169 542 484 670 832
 1170 542 484 670 832
 1171 542 484 670 832
 1172 542 484 670 832
 1173 542 484 670 832
 1174 542 484 670 832
 1175 542 484 670 832
 1176 542 484 670 832
 1177 542 484 670 832
 1178 542 484 670 832
 1179 542 484 670 832
 1180 542 484 670 832
 1181 542 484 670 832
 1182 542 484 670 832
 1183 542 484 670 832
 1184 542 484 670 832
 1185 542 484 670 832
 1186 542 484 670 832
 1187 542 484 670 832
 1188 542 484 670 832
 1189 542 484 670 832
 1190 542 484 670 832
 1191 542 484 670 832
 1192 542 484 670 832
 1193 542 484 670 832
 1194 542 484 670 832
 1195 542 484 670 832
 1196 542 484 670 832
 1197 542 484 670 832
 1198 542 484 670 832
 1199 542 484 670 832
 1200 542 484 670 832
 1201 542 484 670 832
 1202 542 484 670 832
 1203 542 484 670 832
 1204 542 484 670 832
 1205 542 484 670 832
 1206 542 484 670 832
 1207 542 484 670 832
 1208 670 486 822 860
 1209 670 486 822 860
 1210 670 486 822 860
 1211 670 486 822 860
 1212 670 486 822 860
 1213 670 486 822 860
 1214 670 486 822 860
 1215 670 486 822 860
 1216 670 486 822 860
 1217 670 486 822 860
 1218 670 486 822 860
 1219 670 486 822 860
 1220 670 486 822 860
 1221 670 486 822 860
 1222 670 486 822 860
 1223 670 486 822 860
 1224 670 486 822 860
 1225 670 486 822 860
 1226 670 486 822 860
 1227 670 486 822 860
 1228 670 486 822 860
 1229 670 486 822 860
 1230 670 486 822 860
 1231 670 486 822 860
 1232 670 486 822 860
 1233 670 486 822 860
 1234 670 486 822 860
 1235 670 486 822 860
 1236 670 486 822 860
 1237 670 486 822 860
 1238 670 486 822 860
 1239 670 486 822 860
 1240 670 486 822 860
 1241 670 486 822 860
 1242 670 486 822 860
 1243 670 486 822 860
 1244 670 486 822 860
 1245 670 486 822 860
 1246 670 486 822 860
 1247 670 486 822 860
 1248 670 486 822 860
 1249 670 486 822 860
 1250 670 486 822 860
 1251 670 486 822 860
 1252 670 486 822 860
 1253 670 486 822 860
 1254 670 486 822 860
 1255 670 486 822 860
 1256 670 486 822 860
 1257 670 486 822 860
 1258 670 486 822 860
 1259 670 486 822 860
 1260 670 486 822 860
 1261 670 486 822 860
 1262 670 486 822 860
 1263 670 486 822 860
 1264 670 486 822 860
 1265 670 486 822 860
 1266 670 486 822 860
 1267 670 486 822 860
 1268 670 486 822 860
 1269 670 486 822 860
 1270 670 486 822 860
 1271 670 486 822 860
 1272 670 486 822 860
 1273 670 486 822 860
 1274 670 486 822 860
 1275 670 486 822 860
 1276 670 486 822 860
 1277 670 486 822 860
 1278 670 486 822 860
 1279 670 486 822 860
 1280 670 486 822 860
 1281 670 486 822 860
 1282 670 486 822 860
 1283 670 486 822 860
 1284 670 486 822 860
 1285 784 492 930 826
 1286 784 492 930 826
 1287 784 492 930 826
 1288 784 492 930 826
 1289 784 492 930 826
 1290 784 492 930 826
 1291 784 492 930 826
 1292 784 492 930 826
 1293 784 492 930 826
 1294 784 492 930 826
 1295 784 492 930 826
 1296 784 492 930 826
 1297 784 492 930 826
 1298 784 492 930 826
 1299 784 492 930 826
 1300 784 492 930 826
 1301 784 492 930 826
 1302 784 492 930 826
 1303 784 492 930 826
 1304 784 492 930 826
 1305 784 492 930 826
 1306 784 492 930 826
 1307 784 492 930 826
 1308 784 492 930 826
 1309 784 492 930 826
 1310 784 492 930 826
 1311 784 492 930 826
 1312 784 492 930 826
 1313 784 492 930 826
 1314 784 492 930 826
 1315 784 492 930 826
 1316 784 492 930 826
 1317 784 492 930 826
 1318 784 492 930 826
 1319 784 492 930 826
 1320 784 492 930 826
 1321 784 492 930 826
 1322 784 492 930 826
 1323 784 492 930 826
 1324 784 492 930 826
 1325 784 492 930 826
 1326 784 492 930 826
 1327 784 492 930 826
 1328 784 492 930 826
 1329 784 492 930 826
 1330 784 492 930 826
 1331 784 492 930 826
 1332 784 492 930 826
 1333 784 492 930 826
 1334 784 492 930 826
 1335 784 492 930 826
 1336 784 492 930 826
 1337 784 492 930 826
 1338 784 492 930 826
 1339 784 492 930 826
 1340 784 492 930 826
 1341 784 492 930 826
 1342 902 492 1064 810
 1343 902 492 1064 810
 1344 902 492 1064 810
 1345 902 492 1064 810
 1346 902 492 1064 810
 1347 902 492 1064 810
 1348 902 492 1064 810
 1349 902 492 1064 810
 1350 902 492 1064 810
 1351 902 492 1064 810
 1352 902 492 1064 810
 1353 902 492 1064 810
 1354 902 492 1064 810
 1355 902 492 1064 810
 1356 902 492 1064 810
 1357 902 492 1064 810
 1358 902 492 1064 810
 1359 902 492 1064 810
 1360 902 492 1064 810
 1361 902 492 1064 810
 1362 902 492 1064 810
 1363 902 492 1064 810
 1364 902 492 1064 810
 1365 902 492 1064 810
 1366 902 492 1064 810
 1367 902 492 1064 810
 1368 902 492 1064 810
 1369 902 492 1064 810
 1370 902 492 1064 810
 1371 902 492 1064 810
 1372 902 492 1064 810
 1373 902 492 1064 810
 1374 902 492 1064 810
 1375 902 492 1064 810
 1376 902 492 1064 810
 1377 902 492 1064 810
 1378 902 492 1064 810
 1379 902 492 1064 810
 1380 902 492 1064 810
 1381 902 492 1064 810
 1382 902 492 1064 810
 1383 902 492 1064 810
 1384 902 492 1064 810
 1385 902 492 1064 810
 1386 902 492 1064 810
 1387 902 492 1064 810
 1388 902 492 1064 810
 1389 902 492 1064 810
 1390 902 492 1064 810
 1391 902 492 1064 810
 1392 902 492 1064 810
 1393 1026 490 1196 806
 1394 1026 490 1196 806
 1395 1026 490 1196 806
 1396 1026 490 1196 806
 1397 1026 490 1196 806
 1398 1026 490 1196 806
 1399 1026 490 1196 806
 1400 1026 490 1196 806
 1401 1026 490 1196 806
 1402 1026 490 1196 806
 1403 1026 490 1196 806
 1404 1026 490 1196 806
 1405 1026 490 1196 806
 1406 1026 490 1196 806
 1407 1026 490 1196 806
 1408 1026 490 1196 806
 1409 1026 490 1196 806
 1410 1026 490 1196 806
 1411 1026 490 1196 806
 1412 1026 490 1196 806
 1413 1026 490 1196 806
 1414 1026 490 1196 806
 1415 1026 490 1196 806
 1416 1026 490 1196 806
 1417 1026 490 1196 806
 1418 1026 490 1196 806
 1419 1026 490 1196 806
 1420 1026 490 1196 806
 1421 1026 490 1196 806
 1422 1026 490 1196 806
 1423 1026 490 1196 806
 1424 1026 490 1196 806
 1425 1026 490 1196 806
 1426 1026 490 1196 806
 1427 1026 490 1196 806
 1428 1026 490 1196 806
 1429 1026 490 1196 806
 1430 1026 490 1196 806
 1431 1026 490 1196 806
 1432 1026 490 1196 806
 1433 1026 490 1196 806
 1434 1146 490 1308 814
 1435 1146 490 1308 814
 1436 1146 490 1308 814
 1437 1146 490 1308 814
 1438 1146 490 1308 814
 1439 1146 490 1308 814
 1440 1146 490 1308 814
 1441 1146 490 1308 814
 1442 1146 490 1308 814
 1443 1146 490 1308 814
 1444 1146 490 1308 814
 1445 1146 490 1308 814
 1446 1146 490 1308 814
 1447 1146 490 1308 814
 1448 1146 490 1308 814
 1449 1146 490 1308 814
 1450 1146 490 1308 814
 1451 1146 490 1308 814
 1452 1146 490 1308 814
 1453 1146 490 1308 814
 1454 1146 490 1308 814
 1455 1146 490 1308 814
 1456 1146 490 1308 814
 1457 1146 490 1308 814
 1458 1146 490 1308 814
 1459 1146 490 1308 814
 1460 1146 490 1308 814
 1461 1146 490 1308 814
 1462 1146 490 1308 814
 1463 1146 490 1308 814
 1464 1146 490 1308 814
 1465 1146 490 1308 814
 1466 1146 490 1308 814
 1467 1146 490 1308 814
 1468 1146 490 1308 814
 1469 1146 490 1308 814
 1470 1146 490 1308 814
 1471 1146 490 1308 814
 1472 1146 490 1308 814
 1473 1146 490 1308 814
 1474 1146 490 1308 814
 1475 1146 490 1308 814
 1476 1146 490 1308 814
 1477 1146 490 1308 814
 1478 1146 490 1308 814
 1479 1256 492 1416 814
 1480 1256 492 1416 814
 1481 1256 492 1416 814
 1482 1256 492 1416 814
 1483 1256 492 1416 814
 1484 1256 492 1416 814
 1485 1256 492 1416 814
 1486 1256 492 1416 814
 1487 1256 492 1416 814
 1488 1256 492 1416 814
 1489 1256 492 1416 814
 1490 1256 492 1416 814
 1491 1256 492 1416 814
 1492 1256 492 1416 814
 1493 1256 492 1416 814
 1494 1256 492 1416 814
 1495 1256 492 1416 814
 1496 1256 492 1416 814
 1497 1256 492 1416 814
 1498 1256 492 1416 814
 1499 1256 492 1416 814
 1500 1256 492 1416 814
 1501 1256 492 1416 814
 1502 1256 492 1416 814
 1503 1256 492 1416 814
 1504 1256 492 1416 814
 1505 1256 492 1416 814
 1506 1256 492 1416 814
 1507 1256 492 1416 814
 1508 1256 492 1416 814
 1509 1256 492 1416 814
 1510 1256 492 1416 814
 1511 1256 492 1416 814
 1512 1256 492 1416 814
 1513 1256 492 1416 814
 1514 1256 492 1416 814
 1515 1256 492 1416 814
 1516 1256 492 1416 814
 1517 1256 492 1416 814
 1518 1256 492 1416 814
 1519 1256 492 1416 814
 1520 1256 492 1416 814
 1521 1256 492 1416 814
 1522 1256 492 1416 814
 1523 1256 492 1416 814
 1524 1256 492 1416 814
 1525 1256 492 1416 814
 1526 1256 492 1416 814
 1527 1256 492 1416 814
 1528 1256 492 1416 814
 1529 1256 492 1416 814
 1530 1256 492 1416 814
 1531 1256 492 1416 814
 1532 1256 492 1416 814
 1533 1256 492 1416 814
 1534 1256 492 1416 814
 1535 1256 492 1416 814
 1536 1256 492 1416 814
 1537 1256 492 1416 814
 1538 1256 492 1416 814
 1539 1256 492 1416 814
 1540 1256 492 1416 814
 1541 1256 492 1416 814
 1542 1256 492 1416 814
 1543 1256 492 1416 814
 1544 1256 492 1416 814
 1545 1256 492 1416 814
 1546 1256 492 1416 814
 1547 1256 492 1416 814
 1548 1256 492 1416 814
 1549 1256 492 1416 814
 1550 1256 492 1416 814
 1551 1256 492 1416 814
 1552 1256 492 1416 814
 1553 1256 492 1416 814
 1554 1256 492 1416 814
 1555 1256 492 1416 814
 1556 1256 492 1416 814
 1557 1256 492 1416 814
 1558 1256 492 1416 814
 1559 1256 492 1416 814
 1560 1256 492 1416 814
 1561 1256 492 1416 814
 1562 1256 492 1416 814
 1563 1256 492 1416 814
 1564 1256 492 1416 814
 1565 1256 492 1416 814
 1566 1256 492 1416 814
 1567 1256 492 1416 814
 1568 1256 492 1416 814
 1569 1256 492 1416 814
 1570 1256 492 1416 814
 1571 1256 492 1416 814
 1572 1256 492 1416 814
 1573 1256 492 1416 814
 1574 1256 492 1416 814
 1575 1256 492 1416 814
 1576 1256 492 1416 814
 1577 1256 492 1416 814
 1578 1256 492 1416 814
 1579 1256 492 1416 814
 1580 1256 492 1416 814
 1581 1256 492 1416 814
 1582 1256 492 1416 814
 1583 1256 492 1416 814
 1584 1256 492 1416 814
 1585 1256 492 1416 814
 1586 1256 492 1416 814
 1587 1256 492 1416 814
 1588 1256 492 1416 814
 1589 1256 492 1416 814
 1590 1256 492 1416 814
 1591 1256 492 1416 814
 1592 1256 492 1416 814
 1593 1256 492 1416 814
 1594 1256 492 1416 814
 1595 1256 492 1416 814
 1596 1256 492 1416 814
 1597 1256 492 1416 814
 1598 1256 492 1416 814
 1599 1256 492 1416 814
 1600 1256 492 1416 814
 1601 1256 492 1416 814
 1602 1256 492 1416 814
 1603 1256 492 1416 814
 1604 1256 492 1416 814
 1605 1256 492 1416 814
 1606 1256 492 1416 814
 1607 1256 492 1416 814
 1608 1256 492 1416 814
 1609 1256 492 1416 814
 1610 1256 492 1416 814
 1611 1256 492 1416 814
 1612 1256 492 1416 814
 1613 1256 492 1416 814
 1614 1256 492 1416 814
 1615 1256 492 1416 814
 1616 1256 492 1416 814
 1617 1256 492 1416 814
 1618 1256 492 1416 814
 1619 1256 492 1416 814
 1620 1256 492 1416 814
 1621 1256 492 1416 814
 1622 1256 492 1416 814
 1623 1256 492 1416 814
 1624 1256 492 1416 814
 1625 1256 492 1416 814
 1626 1256 492 1416 814
 1627 1256 492 1416 814
 1628 1256 492 1416 814
 1629 1256 492 1416 814
 1630 1256 492 1416 814
 1631 1256 492 1416 814
 1632 1256 492 1416 814
 1633 1256 492 1416 814
 1634 1256 492 1416 814
 1635 1256 492 1416 814
 1636 1256 492 1416 814
 1637 1256 492 1416 814
 1638 1256 492 1416 814
 1639 1256 492 1416 814
 1640 1256 492 1416 814
 1641 1256 492 1416 814
 1642 1256 492 1416 814
 1643 1256 492 1416 814
 1644 1256 492 1416 814
 1645 1256 492 1416 814
 1646 1256 492 1416 814
 1647 1256 492 1416 814
 1648 1256 492 1416 814
 1649 1256 492 1416 814
 1650 1256 492 1416 814
 1651 1256 492 1416 814
 1652 1256 492 1416 814
 1653 1256 492 1416 814
 1654 1256 492 1416 814
 1655 1256 492 1416 814
 1656 1256 492 1416 814
 1657 1256 492 1416 814
 1658 1256 492 1416 814
 1659 1256 492 1416 814
 1660 1256 492 1416 814
 1661 1256 492 1416 814
 1662 1256 492 1416 814
 1663 1256 492 1416 814
 1664 1256 492 1416 814
 1665 1256 492 1416 814
 1666 1256 492 1416 814
 1667 1256 492 1416 814
 1668 1256 492 1416 814
 1669 1256 492 1416 814
 1670 1256 492 1416 814
 1671 1256 492 1416 814
 1672 1256 492 1416 814
 1673 1256 492 1416 814
 1674 1256 492 1416 814
 1675 1256 492 1416 814
 1676 1372 470 1472 782
 1677 1372 470 1472 782
 1678 1372 470 1472 782
 1679 1372 470 1472 782
 1680 1372 470 1472 782
 1681 1372 470 1472 782
 1682 1372 470 1472 782
 1683 1372 470 1472 782
 1684 1372 470 1472 782
 1685 1372 470 1472 782
 1686 1372 470 1472 782
 1687 1372 470 1472 782
 1688 1372 470 1472 782
 1689 1372 470 1472 782
 1690 1372 470 1472 782
 1691 1372 470 1472 782
 1692 1372 470 1472 782
 1693 1372 470 1472 782
 1694 1372 470 1472 782
 1695 1372 470 1472 782
 1696 1372 470 1472 782
 1697 1372 470 1472 782
 1698 1372 470 1472 782
 1699 1372 470 1472 782
 1700 1372 470 1472 782
 1701 1372 470 1472 782
 1702 1372 470 1472 782
 1703 1372 470 1472 782
 1704 1372 470 1472 782
 1705 1372 470 1472 782
 1706 1372 470 1472 782
 1707 1372 470 1472 782
 1708 1372 470 1472 782
 1709 1372 470 1472 782
 1710 1372 470 1472 782
 1711 1372 470 1472 782
 1712 1372 470 1472 782
 1713 1372 470 1472 782
 1714 1372 470 1472 782
 1715 1372 470 1472 782
 1716 1372 470 1472 782
 1717 1372 470 1472 782
 1718 1372 470 1472 782
 1719 1372 470 1472 782
 1720 1372 470 1472 782
 1721 1372 470 1472 782
 1722 1372 470 1472 782
 1723 1372 470 1472 782
 1724 1372 470 1472 782
 1725 1372 470 1472 782
 1726 1372 470 1472 782
 1727 1372 470 1472 782
 1728 1372 470 1472 782
 1729 1372 470 1472 782
 1730 1372 470 1472 782
 1731 1372 470 1472 782
 1732 1372 470 1472 782
 1733 1372 470 1472 782
 1734 1372 470 1472 782
 1735 1372 470 1472 782
 1736 1372 470 1472 782
 1737 1372 470 1472 782
 1738 1372 470 1472 782
 1739 1372 470 1472 782
 1740 1372 470 1472 782
 1741 1372 470 1472 782
 1742 1372 470 1472 782
 1743 1372 470 1472 782
 1744 1372 470 1472 782
 1745 1372 470 1472 782
 1746 1372 470 1472 782
 1747 1372 470 1472 782
 1748 1372 470 1472 782
 1749 1372 470 1472 782
 1750 1372 470 1472 782
 1751 1372 470 1472 782
 1752 1372 470 1472 782
 1753 1372 470 1472 782
 1754 1372 470 1472 782
 1755 1372 470 1472 782
 1756 1372 470 1472 782
 1757 1372 470 1472 782
 1758 1372 470 1472 782
 1759 1372 470 1472 782
 1760 1372 470 1472 782
 1761 1372 470 1472 782
 1762 1372 470 1472 782
 1763 1372 470 1472 782
 1764 1372 470 1472 782
 1765 1372 470 1472 782
 1766 1372 470 1472 782
 1767 1372 470 1472 782
 1768 1372 470 1472 782
 1769 1372 470 1472 782
 1770 1372 470 1472 782
 1771 1372 470 1472 782
 1772 1372 470 1472 782
 1773 1372 470 1472 782
 1774 1372 470 1472 782
 1775 1372 470 1472 782
 1776 1372 470 1472 782
 1777 1372 470 1472 782
 1778 1372 470 1472 782
 1779 1372 470 1472 782
 1780 1372 470 1472 782
 1781 1372 470 1472 782
 1782 1372 470 1472 782
 1783 1372 470 1472 782
 1784 1372 470 1472 782
 1785 1372 470 1472 782
 1786 1372 470 1472 782
 1787 1372 470 1472 782
 1788 1372 470 1472 782
 1789 1372 470 1472 782
 1790 1372 470 1472 782
 1791 1372 470 1472 782
 1792 1372 470 1472 782
 1793 1372 470 1472 782
 1794 1372 470 1472 782
 1795 1372 470 1472 782
 1796 1372 470 1472 782
 1797 1372 470 1472 782
 1798 1372 470 1472 782
 1799 1372 470 1472 782
 1800 1372 470 1472 782
 1801 1372 470 1472 782
 1802 1372 470 1472 782
 1803 1372 470 1472 782
 1804 1372 470 1472 782
 1805 1372 470 1472 782
 1806 1372 470 1472 782
 1807 1372 470 1472 782
 1808 1372 470 1472 782
 1809 1372 470 1472 782
 1810 1372 470 1472 782
 1811 1372 470 1472 782
 1812 1372 470 1472 782
 1813 1372 470 1472 782
 1814 1372 470 1472 782
 1815 1372 470 1472 782
 1816 1372 470 1472 782
 1817 1372 470 1472 782
 1818 1372 470 1472 782
 1819 1372 470 1472 782
 1820 1372 470 1472 782
 1821 1372 470 1472 782
 1822 1372 470 1472 782
 1823 1372 470 1472 782
 1824 1372 470 1472 782
 1825 1372 470 1472 782
 1826 1372 470 1472 782
 1827 1372 470 1472 782
 1828 1372 470 1472 782
 1829 1372 470 1472 782
 1830 1372 470 1472 782
 1831 1372 470 1472 782
 1832 1372 470 1472 782
 1833 1372 470 1472 782
 1834 1302 434 1406 696
 1835 1302 434 1406 696
 1836 1302 434 1406 696
 1837 1302 434 1406 696
 1838 1302 434 1406 696
 1839 1302 434 1406 696
 1840 1302 434 1406 696
 1841 1302 434 1406 696
 1842 1302 434 1406 696
 1843 1302 434 1406 696
 1844 1302 434 1406 696
 1845 1302 434 1406 696
 1846 1302 434 1406 696
 1847 1302 434 1406 696
 1848 1302 434 1406 696
 1849 1302 434 1406 696
 1850 1302 434 1406 696
 1851 1302 434 1406 696
 1852 1302 434 1406 696
 1853 1302 434 1406 696
 1854 1302 434 1406 696
 1855 1302 434 1406 696
 1856 1302 434 1406 696
 1857 1302 434 1406 696
 1858 1302 434 1406 696
 1859 1302 434 1406 696
 1860 1302 434 1406 696
 1861 1302 434 1406 696
 1862 1302 434 1406 696
 1863 1302 434 1406 696
 1864 1302 434 1406 696
 1865 1302 434 1406 696
 1866 1302 434 1406 696
 1867 1302 434 1406 696
 1868 1302 434 1406 696
 1869 1302 434 1406 696
 1870 1302 434 1406 696
 1871 1302 434 1406 696
 1872 1302 434 1406 696
 1873 1302 434 1406 696
 1874 1302 434 1406 696
 1875 1302 434 1406 696
 1876 1302 434 1406 696
 1877 1302 434 1406 696
 1878 1222 434 1290 680
 1879 1222 434 1290 680
 1880 1222 434 1290 680
 1881 1222 434 1290 680
 1882 1222 434 1290 680
 1883 1222 434 1290 680
 1884 1222 434 1290 680
 1885 1222 434 1290 680
 1886 1222 434 1290 680
 1887 1222 434 1290 680
 1888 1222 434 1290 680
 1889 1222 434 1290 680
 1890 1222 434 1290 680
 1891 1222 434 1290 680
 1892 1222 434 1290 680
 1893 1222 434 1290 680
 1894 1222 434 1290 680
 1895 1222 434 1290 680
 1896 1222 434 1290 680
 1897 1222 434 1290 680
 1898 1222 434 1290 680
 1899 1222 434 1290 680
 1900 1222 434 1290 680
 1901 1222 434 1290 680
 1902 1222 434 1290 680
 1903 1222 434 1290 680
 1904 1222 434 1290 680
 1905 1222 434 1290 680
 1906 1222 434 1290 680
 1907 1222 434 1290 680
 1908 1222 434 1290 680
 1909 1222 434 1290 680
 1910 1222 434 1290 680
 1911 1222 434 1290 680
 1912 1222 434 1290 680
 1913 1222 434 1290 680
 1914 1222 434 1290 680
 1915 1222 434 1290 680
 1916 1222 434 1290 680
 1917 1222 434 1290 680
 1918 1222 434 1290 680
 1919 1222 434 1290 680
 1920 1222 434 1290 680
 1921 1222 434 1290 680
 1922 1222 434 1290 680
 1923 1222 434 1290 680
 1924 1222 434 1290 680
 1925 1148 432 1204 668
 1926 1148 432 1204 668
 1927 1148 432 1204 668
 1928 1148 432 1204 668
 1929 1148 432 1204 668
 1930 1148 432 1204 668
 1931 1148 432 1204 668
 1932 1148 432 1204 668
 1933 1148 432 1204 668
 1934 1148 432 1204 668
 1935 1148 432 1204 668
 1936 1148 432 1204 668
 1937 1148 432 1204 668
 1938 1148 432 1204 668
 1939 1148 432 1204 668
 1940 1148 432 1204 668
 1941 1148 432 1204 668
 1942 1148 432 1204 668
 1943 1148 432 1204 668
 1944 1148 432 1204 668
 1945 1148 432 1204 668
 1946 1148 432 1204 668
 1947 1148 432 1204 668
 1948 1148 432 1204 668
 1949 1148 432 1204 668
 1950 1148 432 1204 668
 1951 1148 432 1204 668
 1952 1148 432 1204 668
 1953 1148 432 1204 668
 1954 1148 432 1204 668
 1955 1148 432 1204 668
 1956 1148 432 1204 668
 1957 1148 432 1204 668
 1958 1148 432 1204 668
 1959 1148 432 1204 668
 1960 1148 432 1204 668
 1961 1148 432 1204 668
 1962 1148 432 1204 668
 1963 1148 432 1204 668
 1964 1148 432 1204 668
 1965 1148 432 1204 668
 1966 1148 432 1204 668
 1967 1148 432 1204 668
 1968 1148 432 1204 668
 1969 1148 432 1204 668
 1970 1148 432 1204 668
 1971 1148 432 1204 668
 1972 1148 432 1204 668
 1973 1148 432 1204 668
 1974 1148 432 1204 668
 1975 1148 432 1204 668
 1976 1148 432 1204 668
 1977 1148 432 1204 668
 1978 1148 432 1204 668
 1979 1148 432 1204 668
 1980 1148 432 1204 668
 1981 1148 432 1204 668
 1982 1148 432 1204 668
 1983 1148 432 1204 668
 1984 1148 432 1204 668
 1985 1148 432 1204 668
 1986 1148 432 1204 668
 1987 1148 432 1204 668
 1988 1148 432 1204 668
 1989 1148 432 1204 668
 1990 1148 432 1204 668
 1991 1148 432 1204 668
 1992 1148 432 1204 668
 1993 1148 432 1204 668
 1994 1148 432 1204 668
 1995 1148 432 1204 668
 1996 1148 432 1204 668
 1997 1148 432 1204 668
 1998 1148 432 1204 668
 1999 1148 432 1204 668
 2000 1148 432 1204 668
 2001 1148 432 1204 668
 2002 1148 432 1204 668
 2003 1148 432 1204 668
 2004 1148 432 1204 668
 2005 1148 432 1204 668
 2006 1148 432 1204 668
 2007 1148 432 1204 668
 2008 1148 432 1204 668
 2009 1148 432 1204 668
 2010 1148 432 1204 668
 2011 1148 432 1204 668
 2012 1148 432 1204 668
 2013 1148 432 1204 668
 2014 1148 432 1204 668
 2015 1148 432 1204 668
 2016 1148 432 1204 668
 2017 1148 432 1204 668
 2018 1148 432 1204 668
 2019 1148 432 1204 668
 2020 1148 432 1204 668
 2021 1148 432 1204 668
 2022 1148 432 1204 668
 2023 1148 432 1204 668
 2024 1148 432 1204 668
 2025 1148 432 1204 668
 2026 1148 432 1204 668
 2027 1148 432 1204 668
 2028 1148 432 1204 668
 2029 1148 432 1204 668
 2030 1148 432 1204 668
 2031 1148 432 1204 668
 2032 1148 432 1204 668
 2033 1148 432 1204 668
 2034 1148 432 1204 668
 2035 1148 432 1204 668
 2036 1148 432 1204 668
 2037 1148 432 1204 668
 2038 1148 432 1204 668
 2039 1148 432 1204 668
 2040 1148 432 1204 668
 2041 1148 432 1204 668
 2042 1148 432 1204 668
 2043 1148 432 1204 668
 2044 1148 432 1204 668
 2045 1148 432 1204 668
 2046 1148 432 1204 668
 2047 1148 432 1204 668
 2048 1148 432 1204 668
 2049 1148 432 1204 668
 2050 1148 432 1204 668
 2051 1148 432 1204 668
 2052 1148 432 1204 668
 2053 1148 432 1204 668
 2054 1148 432 1204 668
 2055 1148 432 1204 668
 2056 1148 432 1204 668
 2057 1148 432 1204 668
 2058 1148 432 1204 668
 2059 1148 432 1204 668
 2060 1148 432 1204 668
 2061 1148 432 1204 668
 2062 1148 432 1204 668
 2063 1148 432 1204 668
 2064 1148 432 1204 668
 2065 1148 432 1204 668
 2066 1148 432 1204 668
 2067 1148 432 1204 668
 2068 1148 432 1204 668
 2069 1148 432 1204 668
 2070 1148 432 1204 668
 2071 1148 432 1204 668
 2072 1148 432 1204 668
 2073 1148 432 1204 668
 2074 1148 432 1204 668
 2075 1148 432 1204 668
 2076 1148 432 1204 668
 2077 1148 432 1204 668
 2078 1148 432 1204 668
 2079 1148 432 1204 668
 2080 1148 432 1204 668
 2081 1148 432 1204 668
 2082 1148 432 1204 668
 2083 1148 432 1204 668
 2084 1148 432 1204 668
 2085 1148 432 1204 668
 2086 1148 432 1204 668
 2087 1148 432 1204 668
 2088 1148 432 1204 668
 2089 1148 432 1204 668
 2090 1148 432 1204 668
 2091 1148 432 1204 668
 2092 1148 432 1204 668
 2093 1148 432 1204 668
 2094 1148 432 1204 668
 2095 1148 432 1204 668
 2096 1148 432 1204 668
 2097 1148 432 1204 668
 2098 1148 432 1204 668
 2099 1148 432 1204 668
 2100 1148 432 1204 668
 2101 1148 432 1204 668
 2102 1148 432 1204 668
 2103 1148 432 1204 668
 2104 1148 432 1204 668
 2105 1148 432 1204 668
 2106 1148 432 1204 668
 2107 1148 432 1204 668
 2108 1148 432 1204 668
 2109 1148 432 1204 668
 2110 1148 432 1204 668
 2111 1148 432 1204 668
 2112 1148 432 1204 668
 2113 1148 432 1204 668
 2114 1148 432 1204 668
 2115 1148 432 1204 668
 2116 1148 432 1204 668
 2117 1148 432 1204 668
 2118 1148 432 1204 668
 2119 1148 432 1204 668
 2120 1148 432 1204 668
 2121 1148 432 1204 668
 2122 1148 432 1204 668
 2123 1148 432 1204 668
 2124 1148 432 1204 668
 2125 1148 432 1204 668
 2126 1148 432 1204 668
 2127 1148 432 1204 668
 2128 1148 432 1204 668
 2129 1148 432 1204 668
 2130 1148 432 1204 668
 2131 1148 432 1204 668
 2132 1148 432 1204 668
 2133 1148 432 1204 668
 2134 1148 432 1204 668
 2135 1148 432 1204 668
 2136 1148 432 1204 668
 2137 1148 432 1204 668
 2138 1148 432 1204 668
 2139 1070 434 1174 682
 2140 1070 434 1174 682
 2141 1070 434 1174 682
 2142 1070 434 1174 682
 2143 1070 434 1174 682
 2144 1070 434 1174 682
 2145 1070 434 1174 682
 2146 1070 434 1174 682
 2147 1070 434 1174 682
 2148 1070 434 1174 682
 2149 1070 434 1174 682
 2150 1070 434 1174 682
 2151 1070 434 1174 682
 2152 1070 434 1174 682
 2153 1070 434 1174 682
 2154 1070 434 1174 682
 2155 1070 434 1174 682
 2156 1070 434 1174 682
 2157 1070 434 1174 682
 2158 1070 434 1174 682
 2159 1070 434 1174 682
 2160 1070 434 1174 682
 2161 1070 434 1174 682
 2162 1070 434 1174 682
 2163 1070 434 1174 682
 2164 1070 434 1174 682
 2165 1070 434 1174 682
 2166 1070 434 1174 682
 2167 1070 434 1174 682
 2168 1070 434 1174 682
 2169 1070 434 1174 682
 2170 1070 434 1174 682
 2171 1070 434 1174 682
 2172 1070 434 1174 682
 2173 1070 434 1174 682
 2174 1070 434 1174 682
 2175 1070 434 1174 682
 2176 1070 434 1174 682
 2177 1070 434 1174 682
 2178 1070 434 1174 682
 2179 1070 434 1174 682
 2180 1070 434 1174 682
 2181 1070 434 1174 682
 2182 978 438 1084 678
 2183 978 438 1084 678
 2184 978 438 1084 678
 2185 978 438 1084 678
 2186 978 438 1084 678
 2187 978 438 1084 678
 2188 978 438 1084 678
 2189 978 438 1084 678
 2190 978 438 1084 678
 2191 978 438 1084 678
 2192 978 438 1084 678
 2193 978 438 1084 678
 2194 978 438 1084 678
 2195 978 438 1084 678
 2196 978 438 1084 678
 2197 978 438 1084 678
 2198 978 438 1084 678
 2199 978 438 1084 678
 2200 978 438 1084 678
 2201 978 438 1084 678
 2202 978 438 1084 678
 2203 978 438 1084 678
 2204 978 438 1084 678
 2205 978 438 1084 678
 2206 978 438 1084 678
 2207 978 438 1084 678
 2208 978 438 1084 678
 2209 978 438 1084 678
 2210 896 438 992 682
 2211 896 438 992 682
 2212 896 438 992 682
 2213 896 438 992 682
 2214 896 438 992 682
 2215 896 438 992 682
 2216 896 438 992 682
 2217 896 438 992 682
 2218 896 438 992 682
 2219 896 438 992 682
 2220 896 438 992 682
 2221 896 438 992 682
 2222 896 438 992 682
 2223 896 438 992 682
 2224 896 438 992 682
 2225 896 438 992 682
 2226 896 438 992 682
 2227 896 438 992 682
 2228 896 438 992 682
 2229 896 438 992 682
 2230 896 438 992 682
 2231 896 438 992 682
 2232 896 438 992 682
 2233 896 438 992 682
 2234 896 438 992 682
 2235 896 438 992 682
 2236 896 438 992 682
 2237 896 438 992 682
 2238 896 438 992 682
 2239 896 438 992 682
 2240 896 438 992 682
 2241 822 426 908 684
 2242 822 426 908 684
 2243 822 426 908 684
 2244 822 426 908 684
 2245 822 426 908 684
 2246 822 426 908 684
 2247 822 426 908 684
 2248 822 426 908 684
 2249 822 426 908 684
 2250 822 426 908 684
 2251 822 426 908 684
 2252 822 426 908 684
 2253 822 426 908 684
 2254 822 426 908 684
 2255 822 426 908 684
 2256 822 426 908 684
 2257 822 426 908 684
 2258 822 426 908 684
 2259 822 426 908 684
 2260 822 426 908 684
 2261 822 426 908 684
 2262 822 426 908 684
 2263 822 426 908 684
 2264 822 426 908 684
 2265 822 426 908 684
 2266 822 426 908 684
 2267 822 426 908 684
 2268 822 426 908 684
 2269 822 426 908 684
 2270 742 428 828 678
 2271 742 428 828 678
 2272 742 428 828 678
 2273 742 428 828 678
 2274 742 428 828 678
 2275 742 428 828 678
 2276 742 428 828 678
 2277 742 428 828 678
 2278 742 428 828 678
 2279 742 428 828 678
 2280 742 428 828 678
 2281 742 428 828 678
 2282 742 428 828 678
 2283 742 428 828 678
 2284 742 428 828 678
 2285 742 428 828 678
 2286 742 428 828 678
 2287 742 428 828 678
 2288 742 428 828 678
 2289 742 428 828 678
 2290 742 428 828 678
 2291 742 428 828 678
 2292 742 428 828 678
 2293 742 428 828 678
 2294 742 428 828 678
 2295 742 428 828 678
 2296 742 428 828 678
 2297 742 428 828 678
 2298 742 428 828 678
 2299 742 428 828 678
 2300 742 428 828 678
 2301 742 428 828 678
 2302 742 428 828 678
 2303 642 412 734 682
 2304 642 412 734 682
 2305 642 412 734 682
 2306 642 412 734 682
 2307 642 412 734 682
 2308 642 412 734 682
 2309 642 412 734 682
 2310 642 412 734 682
 2311 642 412 734 682
 2312 642 412 734 682
 2313 642 412 734 682
 2314 642 412 734 682
 2315 642 412 734 682
 2316 642 412 734 682
 2317 642 412 734 682
 2318 642 412 734 682
 2319 642 412 734 682
 2320 642 412 734 682
 2321 642 412 734 682
 2322 642 412 734 682
 2323 642 412 734 682
 2324 642 412 734 682
 2325 642 412 734 682
 2326 642 412 734 682
 2327 642 412 734 682
 2328 642 412 734 682
 2329 642 412 734 682
 2330 642 412 734 682
 2331 642 412 734 682
 2332 642 412 734 682
 2333 642 412 734 682
 2334 642 412 734 682
 2335 642 412 734 682
 2336 642 412 734 682
 2337 642 412 734 682
 2338 642 412 734 682
 2339 642 412 734 682
 2340 642 412 734 682
 2341 642 412 734 682
 2342 642 412 734 682
 2343 642 412 734 682
 2344 642 412 734 682
 2345 642 412 734 682
 2346 642 412 734 682
 2347 642 412 734 682
 2348 642 412 734 682
 2349 642 412 734 682
 2350 642 412 734 682
 2351 642 412 734 682
 2352 542 430 656 706
 2353 542 430 656 706
 2354 542 430 656 706
 2355 542 430 656 706
 2356 542 430 656 706
 2357 542 430 656 706
 2358 542 430 656 706
 2359 542 430 656 706
 2360 542 430 656 706
 2361 542 430 656 706
 2362 542 430 656 706
 2363 542 430 656 706
 2364 542 430 656 706
 2365 542 430 656 706
 2366 542 430 656 706
 2367 542 430 656 706
 2368 542 430 656 706
 2369 542 430 656 706
 2370 542 430 656 706
 2371 542 430 656 706
 2372 542 430 656 706
 2373 542 430 656 706
 2374 542 430 656 706
 2375 542 430 656 706
 2376 542 430 656 706
 2377 542 430 656 706
 2378 542 430 656 706
 2379 542 430 656 706
 2380 542 430 656 706
 2381 542 430 656 706
 2382 542 430 656 706
 2383 542 430 656 706
 2384 542 430 656 706
 2385 542 430 656 706
 2386 542 430 656 706
 2387 542 430 656 706
 2388 542 430 656 706
 2389 542 430 656 706
 2390 542 430 656 706
 2391 542 430 656 706
 2392 542 430 656 706
 2393 542 430 656 706
 2394 542 430 656 706
 2395 542 430 656 706
 2396 542 430 656 706
 2397 542 430 656 706
 2398 542 430 656 706
 2399 542 430 656 706
 2400 542 430 656 706
 2401 542 430 656 706
 2402 542 430 656 706
 2403 542 430 656 706
 2404 542 430 656 706
 2405 542 430 656 706
 2406 542 430 656 706
 2407 542 430 656 706
 2408 542 430 656 706
 2409 542 430 656 706
 2410 542 430 656 706
 2411 470 444 564 736
 2412 470 444 564 736
 2413 470 444 564 736
 2414 470 444 564 736
 2415 470 444 564 736
 2416 470 444 564 736
 2417 470 444 564 736
 2418 470 444 564 736
 2419 470 444 564 736
 2420 470 444 564 736
 2421 470 444 564 736
 2422 470 444 564 736
 2423 470 444 564 736
 2424 470 444 564 736
 2425 470 444 564 736
 2426 470 444 564 736
 2427 470 444 564 736
 2428 470 444 564 736
 2429 470 444 564 736
 2430 470 444 564 736
 2431 470 444 564 736
 2432 470 444 564 736
 2433 470 444 564 736
 2434 470 444 564 736
 2435 470 444 564 736
 2436 470 444 564 736
 2437 470 444 564 736
 2438 470 444 564 736
 2439 470 444 564 736
 2440 470 444 564 736
 2441 470 444 564 736
 2442 470 444 564 736
 2443 470 444 564 736
 2444 470 444 564 736
 2445 470 444 564 736
 2446 470 444 564 736
 2447 470 444 564 736
 2448 470 444 564 736
 2449 470 444 564 736
 2450 470 444 564 736
 2451 470 444 564 736
 2452 470 444 564 736
 2453 470 444 564 736
 2454 470 444 564 736
 2455 470 444 564 736
 2456 470 444 564 736
 2457 470 444 564 736
 2458 470 444 564 736
 2459 470 444 564 736
 2460 470 444 564 736
 2461 470 444 564 736
 2462 470 444 564 736
 2463 470 444 564 736
 2464 470 444 564 736
 2465 470 444 564 736
 2466 470 444 564 736
 2467 470 444 564 736
 2468 470 444 564 736
 2469 470 444 564 736
 2470 470 444 564 736
 2471 470 444 564 736
 2472 470 444 564 736
 2473 470 444 564 736
 2474 470 444 564 736
 2475 470 444 564 736
 2476 470 444 564 736
 2477 470 444 564 736
 2478 470 444 564 736
 2479 470 444 564 736
 2480 470 444 564 736
 2481 470 444 564 736
 2482 470 444 564 736
 2483 470 444 564 736
 2484 470 444 564 736
 2485 470 444 564 736
 2486 470 444 564 736
 2487 470 444 564 736
 2488 470 444 564 736
 2489 470 444 564 736
 2490 470 444 564 736
 2491 470 444 564 736
 2492 470 444 564 736
 2493 470 444 564 736
 2494 470 444 564 736
 2495 470 444 564 736
 2496 470 444 564 736
 2497 470 444 564 736
 2498 470 444 564 736
 2499 470 444 564 736
 2500 470 444 564 736
 2501 470 444 564 736
 2502 470 444 564 736
 2503 470 444 564 736
 2504 470 444 564 736
 2505 470 444 564 736
 2506 470 444 564 736
 2507 470 444 564 736
 2508 470 444 564 736
 2509 470 444 564 736
 2510 470 444 564 736
 2511 470 444 564 736
 2512 412 470 526 798
 2513 412 470 526 798
 2514 412 470 526 798
 2515 412 470 526 798
 2516 412 470 526 798
 2517 412 470 526 798
 2518 412 470 526 798
 2519 412 470 526 798
 2520 412 470 526 798
 2521 412 470 526 798
 2522 412 470 526 798
 2523 412 470 526 798
 2524 412 470 526 798
 2525 412 470 526 798
 2526 412 470 526 798
 2527 412 470 526 798
 2528 412 470 526 798
 2529 412 470 526 798
 2530 412 470 526 798
 2531 412 470 526 798
 2532 412 470 526 798
 2533 412 470 526 798
 2534 412 470 526 798
 2535 412 470 526 798
 2536 412 470 526 798
 2537 412 470 526 798
 2538 412 470 526 798
 2539 412 470 526 798
 2540 412 470 526 798
 2541 412 470 526 798
 2542 412 470 526 798
 2543 412 470 526 798
 2544 412 470 526 798
 2545 412 470 526 798
 2546 412 470 526 798
 2547 412 470 526 798
 2548 412 470 526 798
 2549 412 470 526 798
 2550 412 470 526 798
 2551 412 470 526 798
 2552 412 470 526 798
 2553 412 470 526 798
 2554 412 470 526 798
 2555 412 470 526 798
 2556 412 470 526 798
 2557 412 470 526 798
 2558 412 470 526 798
 2559 412 470 526 798
 2560 412 470 526 798
 2561 412 470 526 798
 2562 412 470 526 798
 2563 412 470 526 798
 2564 412 470 526 798
 2565 412 470 526 798
 2566 412 470 526 798
 2567 412 470 526 798
 2568 412 470 526 798
 2569 412 470 526 798
 2570 412 470 526 798
 2571 412 470 526 798
 2572 412 470 526 798
 2573 412 470 526 798
 2574 412 470 526 798
 2575 412 470 526 798
 2576 412 470 526 798
 2577 412 470 526 798
 2578 412 470 526 798
 2579 412 470 526 798
 2580 412 470 526 798
 2581 412 470 526 798
 2582 412 470 526 798
 2583 412 470 526 798
 2584 412 470 526 798
 2585 412 470 526 798
 2586 412 470 526 798
 2587 412 470 526 798
 2588 412 470 526 798
 2589 412 470 526 798
 2590 412 470 526 798
 2591 412 470 526 798
 2592 412 470 526 798
 2593 412 470 526 798
 2594 412 470 526 798
 2595 412 470 526 798
 2596 412 470 526 798
 2597 412 470 526 798
 2598 412 470 526 798
 2599 412 470 526 798
 2600 412 470 526 798
 2601 412 470 526 798
 2602 412 470 526 798
 2603 412 470 526 798
 2604 412 470 526 798
 2605 412 470 526 798
 2606 412 470 526 798
 2607 412 470 526 798
 2608 412 470 526 798
 2609 412 470 526 798
 2610 488 486 658 822
 2611 488 486 658 822
 2612 488 486 658 822
 2613 488 486 658 822
 2614 488 486 658 822
 2615 488 486 658 822
 2616 488 486 658 822
 2617 488 486 658 822
 2618 488 486 658 822
 2619 488 486 658 822
 2620 488 486 658 822
 2621 488 486 658 822
 2622 488 486 658 822
 2623 488 486 658 822
 2624 488 486 658 822
 2625 488 486 658 822
 2626 488 486 658 822
 2627 488 486 658 822
 2628 488 486 658 822
 2629 488 486 658 822
 2630 488 486 658 822
 2631 488 486 658 822
 2632 488 486 658 822
 2633 488 486 658 822
 2634 488 486 658 822
 2635 488 486 658 822
 2636 488 486 658 822
 2637 488 486 658 822
 2638 488 486 658 822
 2639 488 486 658 822
 2640 488 486 658 822
 2641 488 486 658 822
 2642 488 486 658 822
 2643 488 486 658 822
 2644 488 486 658 822
 2645 488 486 658 822
 2646 488 486 658 822
 2647 488 486 658 822
 2648 488 486 658 822
 2649 488 486 658 822
 2650 488 486 658 822
 2651 488 486 658 822
 2652 488 486 658 822
 2653 488 486 658 822
 2654 488 486 658 822
 2655 488 486 658 822
 2656 488 486 658 822
 2657 488 486 658 822
 2658 488 486 658 822
 2659 488 486 658 822
 2660 488 486 658 822
 2661 488 486 658 822
 2662 488 486 658 822
 2663 488 486 658 822
 2664 488 486 658 822
 2665 488 486 658 822
 2666 488 486 658 822
 2667 488 486 658 822
 2668 488 486 658 822
 2669 488 486 658 822
 2670 488 486 658 822
 2671 488 486 658 822
 2672 488 486 658 822
 2673 488 486 658 822
 2674 656 488 750 834
 2675 656 488 750 834
 2676 656 488 750 834
 2677 656 488 750 834
 2678 656 488 750 834
 2679 656 488 750 834
 2680 656 488 750 834
 2681 656 488 750 834
 2682 656 488 750 834
 2683 656 488 750 834
 2684 656 488 750 834
 2685 656 488 750 834
 2686 656 488 750 834
 2687 656 488 750 834
 2688 656 488 750 834
 2689 656 488 750 834
 2690 656 488 750 834
 2691 656 488 750 834
 2692 656 488 750 834
 2693 656 488 750 834
 2694 656 488 750 834
 2695 656 488 750 834
 2696 656 488 750 834
 2697 656 488 750 834
 2698 656 488 750 834
 2699 656 488 750 834
 2700 656 488 750 834
 2701 656 488 750 834
 2702 656 488 750 834
 2703 656 488 750 834
 2704 656 488 750 834
 2705 656 488 750 834
 2706 656 488 750 834
 2707 656 488 750 834
 2708 656 488 750 834
 2709 656 488 750 834
 2710 656 488 750 834
 2711 656 488 750 834
 2712 656 488 750 834
 2713 656 488 750 834
 2714 656 488 750 834
 2715 656 488 750 834
 2716 656 488 750 834
 2717 656 488 750 834
 2718 656 488 750 834
 2719 656 488 750 834
 2720 656 488 750 834
 2721 656 488 750 834
 2722 656 488 750 834
 2723 656 488 750 834
 2724 656 488 750 834
 2725 656 488 750 834
 2726 656 488 750 834
 2727 656 488 750 834
 2728 656 488 750 834
 2729 656 488 750 834
 2730 656 488 750 834
 2731 656 488 750 834
 2732 752 494 878 842
 2733 752 494 878 842
 2734 752 494 878 842
 2735 752 494 878 842
 2736 752 494 878 842
 2737 752 494 878 842
 2738 752 494 878 842
 2739 752 494 878 842
 2740 752 494 878 842
 2741 752 494 878 842
 2742 752 494 878 842
 2743 752 494 878 842
 2744 752 494 878 842
 2745 752 494 878 842
 2746 752 494 878 842
 2747 752 494 878 842
 2748 752 494 878 842
 2749 752 494 878 842
 2750 752 494 878 842
 2751 752 494 878 842
 2752 752 494 878 842
 2753 752 494 878 842
 2754 752 494 878 842
 2755 752 494 878 842
 2756 752 494 878 842
 2757 752 494 878 842
 2758 752 494 878 842
 2759 752 494 878 842
 2760 752 494 878 842
 2761 752 494 878 842
 2762 752 494 878 842
 2763 752 494 878 842
 2764 752 494 878 842
 2765 752 494 878 842
 2766 752 494 878 842
 2767 752 494 878 842
 2768 752 494 878 842
 2769 752 494 878 842
 2770 752 494 878 842
 2771 752 494 878 842
 2772 752 494 878 842
 2773 752 494 878 842
 2774 752 494 878 842
 2775 752 494 878 842
 2776 752 494 878 842
 2777 752 494 878 842
 2778 752 494 878 842
 2779 752 494 878 842
 2780 752 494 878 842
 2781 752 494 878 842
 2782 752 494 878 842
 2783 752 494 878 842
 2784 752 494 878 842
 2785 752 494 878 842
 2786 752 494 878 842
 2787 752 494 878 842
 2788 752 494 878 842
 2789 752 494 878 842
 2790 752 494 878 842
 2791 752 494 878 842
 2792 858 496 986 854
 2793 858 496 986 854
 2794 858 496 986 854
 2795 858 496 986 854
 2796 858 496 986 854
 2797 858 496 986 854
 2798 858 496 986 854
 2799 858 496 986 854
 2800 858 496 986 854
 2801 858 496 986 854
 2802 858 496 986 854
 2803 858 496 986 854
 2804 858 496 986 854
 2805 858 496 986 854
 2806 858 496 986 854
 2807 858 496 986 854
 2808 858 496 986 854
 2809 858 496 986 854
 2810 858 496 986 854
 2811 858 496 986 854
 2812 858 496 986 854
 2813 858 496 986 854
 2814 858 496 986 854
 2815 858 496 986 854
 2816 858 496 986 854
 2817 858 496 986 854
 2818 858 496 986 854
 2819 858 496 986 854
 2820 858 496 986 854
 2821 858 496 986 854
 2822 858 496 986 854
 2823 858 496 986 854
 2824 858 496 986 854
 2825 858 496 986 854
 2826 858 496 986 854
 2827 858 496 986 854
 2828 858 496 986 854
 2829 858 496 986 854
 2830 858 496 986 854
 2831 858 496 986 854
 2832 858 496 986 854
 2833 858 496 986 854
 2834 858 496 986 854
 2835 858 496 986 854
 2836 858 496 986 854
 2837 858 496 986 854
 2838 858 496 986 854
 2839 858 496 986 854
 2840 858 496 986 854
 2841 858 496 986 854
 2842 858 496 986 854
 2843 858 496 986 854
 2844 858 496 986 854
 2845 858 496 986 854
 2846 858 496 986 854
 2847 858 496 986 854
 2848 858 496 986 854
 2849 858 496 986 854
 2850 858 496 986 854
 2851 858 496 986 854
 2852 858 496 986 854
 2853 858 496 986 854
 2854 858 496 986 854
 2855 858 496 986 854
 2856 858 496 986 854
 2857 858 496 986 854
 2858 858 496 986 854
 2859 858 496 986 854
 2860 858 496 986 854
 2861 858 496 986 854
 2862 858 496 986 854
 2863 858 496 986 854
 2864 858 496 986 854
 2865 858 496 986 854
 2866 858 496 986 854
 2867 858 496 986 854
 2868 858 496 986 854
 2869 858 496 986 854
 2870 858 496 986 854
 2871 858 496 986 854
 2872 858 496 986 854
 2873 858 496 986 854
 2874 858 496 986 854
 2875 858 496 986 854
 2876 858 496 986 854
 2877 858 496 986 854
 2878 858 496 986 854
 2879 858 496 986 854
 2880 858 496 986 854
 2881 858 496 986 854
 2882 858 496 986 854
 2883 858 496 986 854
 2884 858 496 986 854
 2885 858 496 986 854
 2886 858 496 986 854
 2887 858 496 986 854
 2888 858 496 986 854
 2889 858 496 986 854
 2890 858 496 986 854
 2891 858 496 986 854
 2892 858 496 986 854
 2893 858 496 986 854
 2894 858 496 986 854
 2895 858 496 986 854
 2896 858 496 986 854
 2897 858 496 986 854
 2898 858 496 986 854
 2899 858 496 986 854
 2900 858 496 986 854
 2901 858 496 986 854
 2902 858 496 986 854
 2903 858 496 986 854
 2904 858 496 986 854
 2905 858 496 986 854
 2906 858 496 986 854
 2907 858 496 986 854
 2908 858 496 986 854
 2909 858 496 986 854
 2910 858 496 986 854
 2911 858 496 986 854
 2912 858 496 986 854
 2913 858 496 986 854
 2914 884 518 1114 864
 2915 884 518 1114 864
 2916 884 518 1114 864
 2917 884 518 1114 864
 2918 884 518 1114 864
 2919 884 518 1114 864
 2920 884 518 1114 864
 2921 884 518 1114 864
 2922 884 518 1114 864
 2923 884 518 1114 864
 2924 884 518 1114 864
 2925 884 518 1114 864
 2926 884 518 1114 864
 2927 884 518 1114 864
 2928 884 518 1114 864
 2929 884 518 1114 864
 2930 884 518 1114 864
 2931 884 518 1114 864
 2932 884 518 1114 864
 2933 884 518 1114 864
 2934 884 518 1114 864
 2935 884 518 1114 864
 2936 884 518 1114 864
 2937 884 518 1114 864
 2938 884 518 1114 864
 2939 884 518 1114 864
 2940 884 518 1114 864
 2941 884 518 1114 864
 2942 884 518 1114 864
 2943 884 518 1114 864
 2944 884 518 1114 864
 2945 884 518 1114 864
 2946 884 518 1114 864
 2947 884 518 1114 864
 2948 884 518 1114 864
 2949 884 518 1114 864
 2950 884 518 1114 864
 2951 884 518 1114 864
 2952 884 518 1114 864
 2953 884 518 1114 864
 2954 884 518 1114 864
 2955 884 518 1114 864
 2956 884 518 1114 864
 2957 884 518 1114 864
 2958 884 518 1114 864
 2959 884 518 1114 864
 2960 884 518 1114 864
 2961 884 518 1114 864
 2962 884 518 1114 864
 2963 884 518 1114 864
 2964 884 518 1114 864
 2965 884 518 1114 864
 2966 884 518 1114 864
 2967 884 518 1114 864
 2968 884 518 1114 864
 2969 884 518 1114 864
 2970 884 518 1114 864
 2971 884 518 1114 864
 2972 884 518 1114 864
 2973 884 518 1114 864
 2974 884 518 1114 864
 2975 884 518 1114 864
 2976 884 518 1114 864
 2977 884 518 1114 864
 2978 884 518 1114 864
 2979 884 518 1114 864
 2980 884 518 1114 864
 2981 884 518 1114 864
 2982 884 518 1114 864
 2983 884 518 1114 864
 2984 884 518 1114 864
 2985 884 518 1114 864
 2986 1130 504 1252 868
 2987 1130 504 1252 868
 2988 1130 504 1252 868
 2989 1130 504 1252 868
 2990 1130 504 1252 868
 2991 1130 504 1252 868
 2992 1130 504 1252 868
 2993 1130 504 1252 868
 2994 1130 504 1252 868
 2995 1130 504 1252 868
 2996 1130 504 1252 868
 2997 1130 504 1252 868
 2998 1130 504 1252 868
 2999 1130 504 1252 868
 3000 1130 504 1252 868
 3001 1130 504 1252 868
 3002 1130 504 1252 868
 3003 1130 504 1252 868
 3004 1130 504 1252 868
 3005 1130 504 1252 868
 3006 1130 504 1252 868
 3007 1130 504 1252 868
 3008 1130 504 1252 868
 3009 1130 504 1252 868
 3010 1130 504 1252 868
 3011 1130 504 1252 868
 3012 1130 504 1252 868
 3013 1130 504 1252 868
 3014 1130 504 1252 868
 3015 1130 504 1252 868
 3016 1130 504 1252 868
 3017 1130 504 1252 868
 3018 1130 504 1252 868
 3019 1130 504 1252 868
 3020 1130 504 1252 868
 3021 1130 504 1252 868
 3022 1130 504 1252 868
 3023 1130 504 1252 868
 3024 1130 504 1252 868
 3025 1130 504 1252 868
 3026 1130 504 1252 868
 3027 1130 504 1252 868
 3028 1130 504 1252 868
 3029 1130 504 1252 868
 3030 1130 504 1252 868
 3031 1130 504 1252 868
 3032 1130 504 1252 868
 3033 1130 504 1252 868
 3034 1130 504 1252 868
 3035 1130 504 1252 868
 3036 1130 504 1252 868
 3037 1130 504 1252 868
 3038 1130 504 1252 868
 3039 1228 508 1354 870
 3040 1228 508 1354 870
 3041 1228 508 1354 870
 3042 1228 508 1354 870
 3043 1228 508 1354 870
 3044 1228 508 1354 870
 3045 1228 508 1354 870
 3046 1228 508 1354 870
 3047 1228 508 1354 870
 3048 1228 508 1354 870
 3049 1228 508 1354 870
 3050 1228 508 1354 870
 3051 1228 508 1354 870
 3052 1228 508 1354 870
 3053 1228 508 1354 870
 3054 1228 508 1354 870
 3055 1228 508 1354 870
 3056 1228 508 1354 870
 3057 1228 508 1354 870
 3058 1228 508 1354 870
 3059 1228 508 1354 870
 3060 1228 508 1354 870
 3061 1228 508 1354 870
 3062 1228 508 1354 870
 3063 1228 508 1354 870
 3064 1228 508 1354 870
 3065 1228 508 1354 870
 3066 1228 508 1354 870
 3067 1228 508 1354 870
 3068 1228 508 1354 870
 3069 1228 508 1354 870
 3070 1228 508 1354 870
 3071 1228 508 1354 870
 3072 1228 508 1354 870
 3073 1228 508 1354 870
 3074 1228 508 1354 870
 3075 1228 508 1354 870
 3076 1228 508 1354 870
 3077 1228 508 1354 870
 3078 1228 508 1354 870
 3079 1228 508 1354 870
 3080 1228 508 1354 870
 3081 1228 508 1354 870
 3082 1228 508 1354 870
 3083 1228 508 1354 870
 3084 1228 508 1354 870
 3085 1228 508 1354 870
 3086 1228 508 1354 870
 3087 1228 508 1354 870
 3088 1228 508 1354 870
 3089 1228 508 1354 870
 3090 1228 508 1354 870
 3091 1228 508 1354 870
 3092 1228 508 1354 870
 3093 1228 508 1354 870
 3094 1228 508 1354 870
 3095 1228 508 1354 870
 3096 1228 508 1354 870
 3097 1228 508 1354 870
 3098 1228 508 1354 870
 3099 1228 508 1354 870
 3100 1228 508 1354 870
 3101 1228 508 1354 870
 3102 1228 508 1354 870
 3103 1228 508 1354 870
 3104 1228 508 1354 870
 3105 1228 508 1354 870
 3106 1228 508 1354 870
 3107 1228 508 1354 870
 3108 1228 508 1354 870
 3109 1228 508 1354 870
 3110 1228 508 1354 870
 3111 1228 508 1354 870
 3112 1228 508 1354 870
 3113 1228 508 1354 870
 3114 1228 508 1354 870
 3115 1228 508 1354 870
 3116 1228 508 1354 870
 3117 1228 508 1354 870
 3118 1228 508 1354 870
 3119 1228 508 1354 870
 3120 1228 508 1354 870
 3121 1228 508 1354 870
 3122 1228 508 1354 870
 3123 1228 508 1354 870
 3124 1228 508 1354 870
 3125 1228 508 1354 870
 3126 1228 508 1354 870
 3127 1228 508 1354 870
 3128 1228 508 1354 870
 3129 1228 508 1354 870
 3130 1228 508 1354 870
 3131 1228 508 1354 870
 3132 1228 508 1354 870
 3133 1228 508 1354 870
 3134 1228 508 1354 870
 3135 1228 508 1354 870
 3136 1228 508 1354 870
 3137 1228 508 1354 870
 3138 1228 508 1354 870
 3139 1228 508 1354 870
 3140 1228 508 1354 870
