    1 1438 520 1572 934
    2 1438 520 1572 934
    3 1438 520 1572 934
    4 1438 520 1572 934
    5 1438 520 1572 934
    6 1438 520 1572 934
    7 1438 520 1572 934
    8 1438 520 1572 934
    9 1438 520 1572 934
   10 1438 520 1572 934
   11 1438 520 1572 934
   12 1438 520 1572 934
   13 1438 520 1572 934
   14 1438 520 1572 934
   15 1438 520 1572 934
   16 1438 520 1572 934
   17 1438 520 1572 934
   18 1438 520 1572 934
   19 1438 520 1572 934
   20 1438 520 1572 934
   21 1438 520 1572 934
   22 1438 520 1572 934
   23 1438 520 1572 934
   24 1438 520 1572 934
   25 1438 520 1572 934
   26 1438 520 1572 934
   27 1438 520 1572 934
   28 1438 520 1572 934
   29 1438 520 1572 934
   30 1438 520 1572 934
   31 1438 520 1572 934
   32 1438 520 1572 934
   33 1438 520 1572 934
   34 1438 520 1572 934
   35 1438 520 1572 934
   36 1438 520 1572 934
   37 1438 520 1572 934
   38 1438 520 1572 934
   39 1438 520 1572 934
   40 1438 520 1572 934
   41 1438 520 1572 934
   42 1438 520 1572 934
   43 1438 520 1572 934
   44 1438 520 1572 934
   45 1438 520 1572 934
   46 1438 520 1572 934
   47 1438 520 1572 934
   48 1438 520 1572 934
   49 1438 520 1572 934
   50 1438 520 1572 934
   51 1438 520 1572 934
   52 1438 520 1572 934
   53 1438 520 1572 934
   54 1438 520 1572 934
   55 1438 520 1572 934
   56 1438 520 1572 934
   57 1438 520 1572 934
   58 1438 520 1572 934
   59 1438 520 1572 934
   60 1438 520 1572 934
   61 1438 520 1572 934
   62 1438 520 1572 934
   63 1438 520 1572 934
   64 1438 520 1572 934
   65 1438 520 1572 934
   66 1438 520 1572 934
   67 1438 520 1572 934
   68 1438 520 1572 934
   69 1438 520 1572 934
   70 1438 520 1572 934
   71 1438 520 1572 934
   72 1438 520 1572 934
   73 1438 520 1572 934
   74 1438 520 1572 934
   75 1438 520 1572 934
   76 1438 520 1572 934
   77 1438 520 1572 934
   78 1438 520 1572 934
   79 1438 520 1572 934
   80 1438 520 1572 934
   81 1438 520 1572 934
   82 1438 520 1572 934
   83 1438 520 1572 934
   84 1438 520 1572 934
   85 1438 520 1572 934
   86 1438 520 1572 934
   87 1438 520 1572 934
   88 1438 520 1572 934
   89 1438 520 1572 934
   90 1438 520 1572 934
   91 1438 520 1572 934
   92 1438 520 1572 934
   93 1438 520 1572 934
   94 1438 520 1572 934
   95 1438 520 1572 934
   96 1438 520 1572 934
   97 1438 520 1572 934
   98 1438 520 1572 934
   99 1438 520 1572 934
  100 1438 520 1572 934
  101 1438 520 1572 934
  102 1438 520 1572 934
  103 1438 520 1572 934
  104 1438 520 1572 934
  105 1438 520 1572 934
  106 1438 520 1572 934
  107 1438 520 1572 934
  108 1438 520 1572 934
  109 1438 520 1572 934
  110 1438 520 1572 934
  111 1438 520 1572 934
  112 1438 520 1572 934
  113 1438 520 1572 934
  114 1438 520 1572 934
  115 1438 520 1572 934
  116 1438 520 1572 934
  117 1438 520 1572 934
  118 1438 520 1572 934
  119 1438 520 1572 934
  120 1438 520 1572 934
  121 1438 520 1572 934
  122 1438 520 1572 934
  123 1438 520 1572 934
  124 1438 520 1572 934
  125 1438 520 1572 934
  126 1438 520 1572 934
  127 1438 520 1572 934
  128 1438 520 1572 934
  129 1438 520 1572 934
  130 1438 520 1572 934
  131 1438 520 1572 934
  132 1438 520 1572 934
  133 1438 520 1572 934
  134 1438 520 1572 934
  135 1438 520 1572 934
  136 1438 520 1572 934
  137 1438 520 1572 934
  138 1438 520 1572 934
  139 1438 520 1572 934
  140 1438 520 1572 934
  141 1438 520 1572 934
  142 1438 520 1572 934
  143 1438 520 1572 934
  144 1438 520 1572 934
  145 1438 520 1572 934
  146 1438 520 1572 934
  147 1438 520 1572 934
  148 1438 520 1572 934
  149 1438 520 1572 934
  150 1438 520 1572 934
  151 1438 520 1572 934
  152 1438 520 1572 934
  153 1438 520 1572 934
  154 1438 520 1572 934
  155 1438 520 1572 934
  156 1438 520 1572 934
  157 1438 520 1572 934
  158 1438 520 1572 934
  159 1438 520 1572 934
  160 1438 520 1572 934
  161 1438 520 1572 934
  162 1346 520 1514 910
  163 1346 520 1514 910
  164 1346 520 1514 910
  165 1346 520 1514 910
  166 1346 520 1514 910
  167 1346 520 1514 910
  168 1346 520 1514 910
  169 1346 520 1514 910
  170 1346 520 1514 910
  171 1346 520 1514 910
  172 1346 520 1514 910
  173 1346 520 1514 910
  174 1346 520 1514 910
  175 1346 520 1514 910
  176 1346 520 1514 910
  177 1346 520 1514 910
  178 1346 520 1514 910
  179 1346 520 1514 910
  180 1346 520 1514 910
  181 1346 520 1514 910
  182 1346 520 1514 910
  183 1346 520 1514 910
  184 1346 520 1514 910
  185 1346 520 1514 910
  186 1346 520 1514 910
  187 1346 520 1514 910
  188 1346 520 1514 910
  189 1346 520 1514 910
  190 1346 520 1514 910
  191 1346 520 1514 910
  192 1346 520 1514 910
  193 1346 520 1514 910
  194 1346 520 1514 910
  195 1346 520 1514 910
  196 1346 520 1514 910
  197 1346 520 1514 910
  198 1346 520 1514 910
  199 1346 520 1514 910
  200 1346 520 1514 910
  201 1346 520 1514 910
  202 1346 520 1514 910
  203 1346 520 1514 910
  204 1346 520 1514 910
  205 1228 516 1400 910
  206 1228 516 1400 910
  207 1228 516 1400 910
  208 1228 516 1400 910
  209 1228 516 1400 910
  210 1228 516 1400 910
  211 1228 516 1400 910
  212 1228 516 1400 910
  213 1228 516 1400 910
  214 1228 516 1400 910
  215 1228 516 1400 910
  216 1228 516 1400 910
  217 1228 516 1400 910
  218 1228 516 1400 910
  219 1228 516 1400 910
  220 1228 516 1400 910
  221 1228 516 1400 910
  222 1228 516 1400 910
  223 1228 516 1400 910
  224 1228 516 1400 910
  225 1228 516 1400 910
  226 1228 516 1400 910
  227 1228 516 1400 910
  228 1228 516 1400 910
  229 1228 516 1400 910
  230 1228 516 1400 910
  231 1228 516 1400 910
  232 1228 516 1400 910
  233 1228 516 1400 910
  234 1228 516 1400 910
  235 1228 516 1400 910
  236 1228 516 1400 910
  237 1228 516 1400 910
  238 1228 516 1400 910
  239 1228 516 1400 910
  240 1228 516 1400 910
  241 1228 516 1400 910
  242 1228 516 1400 910
  243 1228 516 1400 910
  244 1228 516 1400 910
  245 1228 516 1400 910
  246 1228 516 1400 910
  247 1228 516 1400 910
  248 1228 516 1400 910
  249 1228 516 1400 910
  250 1126 514 1240 912
  251 1126 514 1240 912
  252 1126 514 1240 912
  253 1126 514 1240 912
  254 1126 514 1240 912
  255 1126 514 1240 912
  256 1126 514 1240 912
  257 1126 514 1240 912
  258 1126 514 1240 912
  259 1126 514 1240 912
  260 1126 514 1240 912
  261 1126 514 1240 912
  262 1126 514 1240 912
  263 1126 514 1240 912
  264 1126 514 1240 912
  265 1126 514 1240 912
  266 1126 514 1240 912
  267 1126 514 1240 912
  268 1126 514 1240 912
  269 1126 514 1240 912
  270 1126 514 1240 912
  271 1126 514 1240 912
  272 1126 514 1240 912
  273 1126 514 1240 912
  274 1126 514 1240 912
  275 1126 514 1240 912
  276 1126 514 1240 912
  277 1126 514 1240 912
  278 1126 514 1240 912
  279 1126 514 1240 912
  280 1126 514 1240 912
  281 1126 514 1240 912
  282 1126 514 1240 912
  283 1126 514 1240 912
  284 1126 514 1240 912
  285 1126 514 1240 912
  286 1126 514 1240 912
  287 1004 500 1140 914
  288 1004 500 1140 914
  289 1004 500 1140 914
  290 1004 500 1140 914
  291 1004 500 1140 914
  292 1004 500 1140 914
  293 1004 500 1140 914
  294 1004 500 1140 914
  295 1004 500 1140 914
  296 1004 500 1140 914
  297 1004 500 1140 914
  298 1004 500 1140 914
  299 1004 500 1140 914
  300 1004 500 1140 914
  301 1004 500 1140 914
  302 1004 500 1140 914
  303 1004 500 1140 914
  304 1004 500 1140 914
  305 1004 500 1140 914
  306 1004 500 1140 914
  307 1004 500 1140 914
  308 1004 500 1140 914
  309 1004 500 1140 914
  310 1004 500 1140 914
  311 1004 500 1140 914
  312 1004 500 1140 914
  313 1004 500 1140 914
  314 1004 500 1140 914
  315 1004 500 1140 914
  316 1004 500 1140 914
  317 1004 500 1140 914
  318 1004 500 1140 914
  319 1004 500 1140 914
  320 1004 500 1140 914
  321 1004 500 1140 914
  322 1004 500 1140 914
  323 888 514 1030 890
  324 888 514 1030 890
  325 888 514 1030 890
  326 888 514 1030 890
  327 888 514 1030 890
  328 888 514 1030 890
  329 888 514 1030 890
  330 888 514 1030 890
  331 888 514 1030 890
  332 888 514 1030 890
  333 888 514 1030 890
  334 888 514 1030 890
  335 888 514 1030 890
  336 888 514 1030 890
  337 888 514 1030 890
  338 888 514 1030 890
  339 888 514 1030 890
  340 888 514 1030 890
  341 888 514 1030 890
  342 888 514 1030 890
  343 888 514 1030 890
  344 888 514 1030 890
  345 888 514 1030 890
  346 888 514 1030 890
  347 888 514 1030 890
  348 888 514 1030 890
  349 888 514 1030 890
  350 888 514 1030 890
  351 888 514 1030 890
  352 888 514 1030 890
  353 888 514 1030 890
  354 888 514 1030 890
  355 888 514 1030 890
  356 888 514 1030 890
  357 888 514 1030 890
  358 888 514 1030 890
  359 888 514 1030 890
  360 888 514 1030 890
  361 888 514 1030 890
  362 888 514 1030 890
  363 888 514 1030 890
  364 888 514 1030 890
  365 888 514 1030 890
  366 782 502 888 900
  367 782 502 888 900
  368 782 502 888 900
  369 782 502 888 900
  370 782 502 888 900
  371 782 502 888 900
  372 782 502 888 900
  373 782 502 888 900
  374 782 502 888 900
  375 782 502 888 900
  376 782 502 888 900
  377 782 502 888 900
  378 782 502 888 900
  379 782 502 888 900
  380 782 502 888 900
  381 782 502 888 900
  382 782 502 888 900
  383 782 502 888 900
  384 782 502 888 900
  385 782 502 888 900
  386 782 502 888 900
  387 782 502 888 900
  388 782 502 888 900
  389 782 502 888 900
  390 782 502 888 900
  391 782 502 888 900
  392 782 502 888 900
  393 782 502 888 900
  394 782 502 888 900
  395 782 502 888 900
  396 782 502 888 900
  397 782 502 888 900
  398 782 502 888 900
  399 782 502 888 900
  400 782 502 888 900
  401 782 502 888 900
  402 782 502 888 900
  403 782 502 888 900
  404 782 502 888 900
  405 782 502 888 900
  406 782 502 888 900
  407 782 502 888 900
  408 782 502 888 900
  409 782 502 888 900
  410 782 502 888 900
  411 782 502 888 900
  412 782 502 888 900
  413 782 502 888 900
  414 782 502 888 900
  415 782 502 888 900
  416 782 502 888 900
  417 782 502 888 900
  418 638 496 786 894
  419 638 496 786 894
  420 638 496 786 894
  421 638 496 786 894
  422 638 496 786 894
  423 638 496 786 894
  424 638 496 786 894
  425 638 496 786 894
  426 638 496 786 894
  427 638 496 786 894
  428 638 496 786 894
  429 638 496 786 894
  430 638 496 786 894
  431 638 496 786 894
  432 638 496 786 894
  433 638 496 786 894
  434 638 496 786 894
  435 638 496 786 894
  436 638 496 786 894
  437 638 496 786 894
  438 638 496 786 894
  439 638 496 786 894
  440 638 496 786 894
  441 638 496 786 894
  442 638 496 786 894
  443 638 496 786 894
  444 638 496 786 894
  445 638 496 786 894
  446 638 496 786 894
  447 638 496 786 894
  448 638 496 786 894
  449 638 496 786 894
  450 638 496 786 894
  451 638 496 786 894
  452 638 496 786 894
  453 638 496 786 894
  454 638 496 786 894
  455 638 496 786 894
  456 638 496 786 894
  457 638 496 786 894
  458 638 496 786 894
  459 638 496 786 894
  460 638 496 786 894
  461 638 496 786 894
  462 638 496 786 894
  463 638 496 786 894
  464 638 496 786 894
  465 638 496 786 894
  466 638 496 786 894
  467 638 496 786 894
  468 638 496 786 894
  469 638 496 786 894
  470 638 496 786 894
  471 638 496 786 894
  472 638 496 786 894
  473 638 496 786 894
  474 638 496 786 894
  475 638 496 786 894
  476 638 496 786 894
  477 638 496 786 894
  478 638 496 786 894
  479 638 496 786 894
  480 542 498 682 900
  481 542 498 682 900
  482 542 498 682 900
  483 542 498 682 900
  484 542 498 682 900
  485 542 498 682 900
  486 542 498 682 900
  487 542 498 682 900
  488 542 498 682 900
  489 542 498 682 900
  490 542 498 682 900
  491 542 498 682 900
  492 542 498 682 900
  493 542 498 682 900
  494 542 498 682 900
  495 542 498 682 900
  496 542 498 682 900
  497 542 498 682 900
  498 542 498 682 900
  499 542 498 682 900
  500 542 498 682 900
  501 542 498 682 900
  502 542 498 682 900
  503 542 498 682 900
  504 542 498 682 900
  505 542 498 682 900
  506 542 498 682 900
  507 542 498 682 900
  508 542 498 682 900
  509 542 498 682 900
  510 542 498 682 900
  511 542 498 682 900
  512 542 498 682 900
  513 542 498 682 900
  514 542 498 682 900
  515 542 498 682 900
  516 542 498 682 900
  517 542 498 682 900
  518 542 498 682 900
  519 542 498 682 900
  520 542 498 682 900
  521 542 498 682 900
  522 542 498 682 900
  523 542 498 682 900
  524 542 498 682 900
  525 542 498 682 900
  526 542 498 682 900
  527 542 498 682 900
  528 542 498 682 900
  529 542 498 682 900
  530 542 498 682 900
  531 542 498 682 900
  532 542 498 682 900
  533 542 498 682 900
  534 542 498 682 900
  535 542 498 682 900
  536 542 498 682 900
  537 542 498 682 900
  538 542 498 682 900
  539 542 498 682 900
  540 542 498 682 900
  541 542 498 682 900
  542 542 498 682 900
  543 542 498 682 900
  544 542 498 682 900
  545 542 498 682 900
  546 542 498 682 900
  547 542 498 682 900
  548 542 498 682 900
  549 542 498 682 900
  550 542 498 682 900
  551 542 498 682 900
  552 542 498 682 900
  553 542 498 682 900
  554 542 498 682 900
  555 542 498 682 900
  556 542 498 682 900
  557 542 498 682 900
  558 542 498 682 900
  559 542 498 682 900
  560 542 498 682 900
  561 542 498 682 900
  562 542 498 682 900
  563 542 498 682 900
  564 542 498 682 900
  565 542 498 682 900
  566 542 498 682 900
  567 542 498 682 900
  568 542 498 682 900
  569 542 498 682 900
  570 542 498 682 900
  571 542 498 682 900
  572 542 498 682 900
  573 542 498 682 900
  574 542 498 682 900
  575 542 498 682 900
  576 542 498 682 900
  577 542 498 682 900
  578 542 498 682 900
  579 542 498 682 900
  580 542 498 682 900
  581 542 498 682 900
  582 542 498 682 900
  583 542 498 682 900
  584 542 498 682 900
  585 542 498 682 900
  586 542 498 682 900
  587 542 498 682 900
  588 542 498 682 900
  589 542 498 682 900
  590 542 498 682 900
  591 542 498 682 900
  592 648 498 806 864
  593 648 498 806 864
  594 648 498 806 864
  595 648 498 806 864
  596 648 498 806 864
  597 648 498 806 864
  598 648 498 806 864
  599 648 498 806 864
  600 648 498 806 864
  601 648 498 806 864
  602 648 498 806 864
  603 648 498 806 864
  604 648 498 806 864
  605 648 498 806 864
  606 648 498 806 864
  607 648 498 806 864
  608 648 498 806 864
  609 648 498 806 864
  610 648 498 806 864
  611 648 498 806 864
  612 648 498 806 864
  613 648 498 806 864
  614 648 498 806 864
  615 648 498 806 864
  616 648 498 806 864
  617 648 498 806 864
  618 648 498 806 864
  619 648 498 806 864
  620 648 498 806 864
  621 648 498 806 864
  622 648 498 806 864
  623 648 498 806 864
  624 648 498 806 864
  625 648 498 806 864
  626 648 498 806 864
  627 648 498 806 864
  628 648 498 806 864
  629 648 498 806 864
  630 648 498 806 864
  631 648 498 806 864
  632 648 498 806 864
  633 648 498 806 864
  634 648 498 806 864
  635 648 498 806 864
  636 648 498 806 864
  637 648 498 806 864
  638 648 498 806 864
  639 648 498 806 864
  640 648 498 806 864
  641 648 498 806 864
  642 648 498 806 864
  643 648 498 806 864
  644 648 498 806 864
  645 648 498 806 864
  646 812 496 932 872
  647 812 496 932 872
  648 812 496 932 872
  649 812 496 932 872
  650 812 496 932 872
  651 812 496 932 872
  652 812 496 932 872
  653 812 496 932 872
  654 812 496 932 872
  655 812 496 932 872
  656 812 496 932 872
  657 812 496 932 872
  658 812 496 932 872
  659 812 496 932 872
  660 812 496 932 872
  661 812 496 932 872
  662 812 496 932 872
  663 812 496 932 872
  664 812 496 932 872
  665 812 496 932 872
  666 812 496 932 872
  667 812 496 932 872
  668 812 496 932 872
  669 812 496 932 872
  670 812 496 932 872
  671 812 496 932 872
  672 812 496 932 872
  673 812 496 932 872
  674 812 496 932 872
  675 812 496 932 872
  676 812 496 932 872
  677 812 496 932 872
  678 812 496 932 872
  679 812 496 932 872
  680 812 496 932 872
  681 812 496 932 872
  682 812 496 932 872
  683 812 496 932 872
  684 812 496 932 872
  685 812 496 932 872
  686 950 486 1046 878
  687 950 486 1046 878
  688 950 486 1046 878
  689 950 486 1046 878
  690 950 486 1046 878
  691 950 486 1046 878
  692 950 486 1046 878
  693 950 486 1046 878
  694 950 486 1046 878
  695 950 486 1046 878
  696 950 486 1046 878
  697 950 486 1046 878
  698 950 486 1046 878
  699 950 486 1046 878
  700 950 486 1046 878
  701 950 486 1046 878
  702 950 486 1046 878
  703 950 486 1046 878
  704 950 486 1046 878
  705 950 486 1046 878
  706 950 486 1046 878
  707 950 486 1046 878
  708 950 486 1046 878
  709 950 486 1046 878
  710 950 486 1046 878
  711 950 486 1046 878
  712 950 486 1046 878
  713 950 486 1046 878
  714 950 486 1046 878
  715 950 486 1046 878
  716 950 486 1046 878
  717 950 486 1046 878
  718 950 486 1046 878
  719 950 486 1046 878
  720 1042 486 1146 868
  721 1042 486 1146 868
  722 1042 486 1146 868
  723 1042 486 1146 868
  724 1042 486 1146 868
  725 1042 486 1146 868
  726 1042 486 1146 868
  727 1042 486 1146 868
  728 1042 486 1146 868
  729 1042 486 1146 868
  730 1042 486 1146 868
  731 1042 486 1146 868
  732 1042 486 1146 868
  733 1042 486 1146 868
  734 1042 486 1146 868
  735 1042 486 1146 868
  736 1042 486 1146 868
  737 1042 486 1146 868
  738 1042 486 1146 868
  739 1042 486 1146 868
  740 1042 486 1146 868
  741 1042 486 1146 868
  742 1042 486 1146 868
  743 1042 486 1146 868
  744 1042 486 1146 868
  745 1042 486 1146 868
  746 1042 486 1146 868
  747 1042 486 1146 868
  748 1042 486 1146 868
  749 1042 486 1146 868
  750 1042 486 1146 868
  751 1042 486 1146 868
  752 1042 486 1146 868
  753 1042 486 1146 868
  754 1042 486 1146 868
  755 1042 486 1146 868
  756 1042 486 1146 868
  757 1042 486 1146 868
  758 1042 486 1146 868
  759 1042 486 1146 868
  760 1042 486 1146 868
  761 1042 486 1146 868
  762 1170 494 1262 860
  763 1170 494 1262 860
  764 1170 494 1262 860
  765 1170 494 1262 860
  766 1170 494 1262 860
  767 1170 494 1262 860
  768 1170 494 1262 860
  769 1170 494 1262 860
  770 1170 494 1262 860
  771 1170 494 1262 860
  772 1170 494 1262 860
  773 1170 494 1262 860
  774 1170 494 1262 860
  775 1170 494 1262 860
  776 1170 494 1262 860
  777 1170 494 1262 860
  778 1170 494 1262 860
  779 1170 494 1262 860
  780 1170 494 1262 860
  781 1170 494 1262 860
  782 1170 494 1262 860
  783 1170 494 1262 860
  784 1170 494 1262 860
  785 1170 494 1262 860
  786 1170 494 1262 860
  787 1170 494 1262 860
  788 1170 494 1262 860
  789 1170 494 1262 860
  790 1170 494 1262 860
  791 1170 494 1262 860
  792 1170 494 1262 860
  793 1170 494 1262 860
  794 1170 494 1262 860
  795 1170 494 1262 860
  796 1170 494 1262 860
  797 1170 494 1262 860
  798 1170 494 1262 860
  799 1170 494 1262 860
  800 1170 494 1262 860
  801 1170 494 1262 860
  802 1170 494 1262 860
  803 1170 494 1262 860
  804 1260 492 1378 852
  805 1260 492 1378 852
  806 1260 492 1378 852
  807 1260 492 1378 852
  808 1260 492 1378 852
  809 1260 492 1378 852
  810 1260 492 1378 852
  811 1260 492 1378 852
  812 1260 492 1378 852
  813 1260 492 1378 852
  814 1260 492 1378 852
  815 1260 492 1378 852
  816 1260 492 1378 852
  817 1260 492 1378 852
  818 1260 492 1378 852
  819 1260 492 1378 852
  820 1260 492 1378 852
  821 1260 492 1378 852
  822 1260 492 1378 852
  823 1260 492 1378 852
  824 1260 492 1378 852
  825 1260 492 1378 852
  826 1260 492 1378 852
  827 1260 492 1378 852
  828 1260 492 1378 852
  829 1260 492 1378 852
  830 1260 492 1378 852
  831 1260 492 1378 852
  832 1260 492 1378 852
  833 1260 492 1378 852
  834 1260 492 1378 852
  835 1260 492 1378 852
  836 1260 492 1378 852
  837 1260 492 1378 852
  838 1260 492 1378 852
  839 1260 492 1378 852
  840 1260 492 1378 852
  841 1260 492 1378 852
  842 1260 492 1378 852
  843 1260 492 1378 852
  844 1260 492 1378 852
  845 1260 492 1378 852
  846 1260 492 1378 852
  847 1260 492 1378 852
  848 1260 492 1378 852
  849 1260 492 1378 852
  850 1260 492 1378 852
  851 1260 492 1378 852
  852 1260 492 1378 852
  853 1260 492 1378 852
  854 1260 492 1378 852
  855 1260 492 1378 852
  856 1260 492 1378 852
  857 1260 492 1378 852
  858 1260 492 1378 852
  859 1260 492 1378 852
  860 1260 492 1378 852
  861 1260 492 1378 852
  862 1260 492 1378 852
  863 1260 492 1378 852
  864 1260 492 1378 852
  865 1260 492 1378 852
  866 1260 492 1378 852
  867 1260 492 1378 852
  868 1260 492 1378 852
  869 1260 492 1378 852
  870 1260 492 1378 852
  871 1260 492 1378 852
  872 1260 492 1378 852
  873 1260 492 1378 852
  874 1260 492 1378 852
  875 1260 492 1378 852
  876 1260 492 1378 852
  877 1260 492 1378 852
  878 1260 492 1378 852
  879 1260 492 1378 852
  880 1260 492 1378 852
  881 1260 492 1378 852
  882 1260 492 1378 852
  883 1260 492 1378 852
  884 1260 492 1378 852
  885 1260 492 1378 852
  886 1260 492 1378 852
  887 1260 492 1378 852
  888 1260 492 1378 852
  889 1260 492 1378 852
  890 1260 492 1378 852
  891 1260 492 1378 852
  892 1260 492 1378 852
  893 1260 492 1378 852
  894 1260 492 1378 852
  895 1260 492 1378 852
  896 1260 492 1378 852
  897 1260 492 1378 852
  898 1260 492 1378 852
  899 1260 492 1378 852
  900 1260 492 1378 852
  901 1260 492 1378 852
  902 1260 492 1378 852
  903 1260 492 1378 852
  904 1260 492 1378 852
  905 1260 492 1378 852
  906 1260 492 1378 852
  907 1260 492 1378 852
  908 1260 492 1378 852
  909 1260 492 1378 852
  910 1260 492 1378 852
  911 1260 492 1378 852
  912 1260 492 1378 852
  913 1260 492 1378 852
  914 1260 492 1378 852
  915 1260 492 1378 852
  916 1260 492 1378 852
  917 1260 492 1378 852
  918 1260 492 1378 852
  919 1260 492 1378 852
  920 1260 492 1378 852
  921 1260 492 1378 852
  922 1260 492 1378 852
  923 1260 492 1378 852
  924 1260 492 1378 852
  925 1260 492 1378 852
  926 1260 492 1378 852
  927 1260 492 1378 852
  928 1260 492 1378 852
  929 1260 492 1378 852
  930 1260 492 1378 852
  931 1260 492 1378 852
  932 1260 492 1378 852
  933 1260 492 1378 852
  934 1260 492 1378 852
  935 1260 492 1378 852
  936 1260 492 1378 852
  937 1260 492 1378 852
  938 1260 492 1378 852
  939 1260 492 1378 852
  940 1260 492 1378 852
  941 1260 492 1378 852
  942 1260 492 1378 852
  943 1260 492 1378 852
  944 1260 492 1378 852
  945 1260 492 1378 852
  946 1260 492 1378 852
  947 1260 492 1378 852
  948 1260 492 1378 852
  949 1260 492 1378 852
  950 1260 492 1378 852
  951 1260 492 1378 852
  952 1260 492 1378 852
  953 1260 492 1378 852
  954 1260 492 1378 852
  955 1260 492 1378 852
  956 1260 492 1378 852
  957 1260 492 1378 852
  958 1260 492 1378 852
  959 1260 492 1378 852
  960 1260 492 1378 852
  961 1260 492 1378 852
  962 1260 492 1378 852
  963 1260 492 1378 852
  964 1260 492 1378 852
  965 1260 492 1378 852
  966 1260 492 1378 852
  967 1260 492 1378 852
  968 1260 492 1378 852
  969 1260 492 1378 852
  970 1260 492 1378 852
  971 1260 492 1378 852
  972 1260 492 1378 852
  973 1260 492 1378 852
  974 1260 492 1378 852
  975 1260 492 1378 852
  976 1260 492 1378 852
  977 1260 492 1378 852
  978 1260 492 1378 852
  979 1260 492 1378 852
  980 1260 492 1378 852
  981 1260 492 1378 852
  982 1260 492 1378 852
  983 1260 492 1378 852
  984 1142 480 1324 820
  985 1142 480 1324 820
  986 1142 480 1324 820
  987 1142 480 1324 820
  988 1142 480 1324 820
  989 1142 480 1324 820
  990 1142 480 1324 820
  991 1142 480 1324 820
  992 1142 480 1324 820
  993 1142 480 1324 820
  994 1142 480 1324 820
  995 1142 480 1324 820
  996 1142 480 1324 820
  997 1142 480 1324 820
  998 1142 480 1324 820
  999 1142 480 1324 820
 1000 1142 480 1324 820
 1001 1142 480 1324 820
 1002 1142 480 1324 820
 1003 1142 480 1324 820
 1004 1142 480 1324 820
 1005 1142 480 1324 820
 1006 1142 480 1324 820
 1007 1142 480 1324 820
 1008 1142 480 1324 820
 1009 1142 480 1324 820
 1010 1142 480 1324 820
 1011 1142 480 1324 820
 1012 1142 480 1324 820
 1013 1142 480 1324 820
 1014 1142 480 1324 820
 1015 1142 480 1324 820
 1016 1142 480 1324 820
 1017 1142 480 1324 820
 1018 1142 480 1324 820
 1019 1142 480 1324 820
 1020 1142 480 1324 820
 1021 1142 480 1324 820
 1022 1142 480 1324 820
 1023 1142 480 1324 820
 1024 1142 480 1324 820
 1025 1142 480 1324 820
 1026 1142 480 1324 820
 1027 1142 480 1324 820
 1028 1142 480 1324 820
 1029 1142 480 1324 820
 1030 1142 480 1324 820
 1031 1142 480 1324 820
 1032 1142 480 1324 820
 1033 1142 480 1324 820
 1034 1142 480 1324 820
 1035 1142 480 1324 820
 1036 1142 480 1324 820
 1037 1142 480 1324 820
 1038 1142 480 1324 820
 1039 1142 480 1324 820
 1040 1142 480 1324 820
 1041 1142 480 1324 820
 1042 1142 480 1324 820
 1043 1142 480 1324 820
 1044 1142 480 1324 820
 1045 1142 480 1324 820
 1046 1142 480 1324 820
 1047 1142 480 1324 820
 1048 1142 480 1324 820
 1049 1142 480 1324 820
 1050 1142 480 1324 820
 1051 1142 480 1324 820
 1052 1142 480 1324 820
 1053 1142 480 1324 820
 1054 1142 480 1324 820
 1055 1142 480 1324 820
 1056 1142 480 1324 820
 1057 1142 480 1324 820
 1058 1142 480 1324 820
 1059 1142 480 1324 820
 1060 1142 480 1324 820
 1061 1142 480 1324 820
 1062 1142 480 1324 820
 1063 1142 480 1324 820
 1064 1142 480 1324 820
 1065 1142 480 1324 820
 1066 1142 480 1324 820
 1067 1142 480 1324 820
 1068 1142 480 1324 820
 1069 1142 480 1324 820
 1070 1142 480 1324 820
 1071 1142 480 1324 820
 1072 1142 480 1324 820
 1073 1142 480 1324 820
 1074 1060 466 1178 808
 1075 1060 466 1178 808
 1076 1060 466 1178 808
 1077 1060 466 1178 808
 1078 1060 466 1178 808
 1079 1060 466 1178 808
 1080 1060 466 1178 808
 1081 1060 466 1178 808
 1082 1060 466 1178 808
 1083 1060 466 1178 808
 1084 1060 466 1178 808
 1085 1060 466 1178 808
 1086 1060 466 1178 808
 1087 1060 466 1178 808
 1088 1060 466 1178 808
 1089 1060 466 1178 808
 1090 1060 466 1178 808
 1091 1060 466 1178 808
 1092 1060 466 1178 808
 1093 1060 466 1178 808
 1094 1060 466 1178 808
 1095 1060 466 1178 808
 1096 1060 466 1178 808
 1097 1060 466 1178 808
 1098 1060 466 1178 808
 1099 1060 466 1178 808
 1100 1060 466 1178 808
 1101 1060 466 1178 808
 1102 1060 466 1178 808
 1103 1060 466 1178 808
 1104 1060 466 1178 808
 1105 1060 466 1178 808
 1106 1060 466 1178 808
 1107 1060 466 1178 808
 1108 1060 466 1178 808
 1109 1060 466 1178 808
 1110 1060 466 1178 808
 1111 1060 466 1178 808
 1112 1060 466 1178 808
 1113 1060 466 1178 808
 1114 1060 466 1178 808
 1115 1060 466 1178 808
 1116 1060 466 1178 808
 1117 1060 466 1178 808
 1118 1060 466 1178 808
 1119 1060 466 1178 808
 1120 1060 466 1178 808
 1121 1060 466 1178 808
 1122 1060 466 1178 808
 1123 1060 466 1178 808
 1124 1060 466 1178 808
 1125 1060 466 1178 808
 1126 1060 466 1178 808
 1127 1060 466 1178 808
 1128 1060 466 1178 808
 1129 1060 466 1178 808
 1130 1060 466 1178 808
 1131 1004 458 1066 758
 1132 1004 458 1066 758
 1133 1004 458 1066 758
 1134 1004 458 1066 758
 1135 1004 458 1066 758
 1136 1004 458 1066 758
 1137 1004 458 1066 758
 1138 1004 458 1066 758
 1139 1004 458 1066 758
 1140 1004 458 1066 758
 1141 1004 458 1066 758
 1142 1004 458 1066 758
 1143 1004 458 1066 758
 1144 1004 458 1066 758
 1145 1004 458 1066 758
 1146 1004 458 1066 758
 1147 1004 458 1066 758
 1148 1004 458 1066 758
 1149 1004 458 1066 758
 1150 1004 458 1066 758
 1151 1004 458 1066 758
 1152 1004 458 1066 758
 1153 1004 458 1066 758
 1154 1004 458 1066 758
 1155 1004 458 1066 758
 1156 1004 458 1066 758
 1157 1004 458 1066 758
 1158 1004 458 1066 758
 1159 1004 458 1066 758
 1160 1004 458 1066 758
 1161 1004 458 1066 758
 1162 1004 458 1066 758
 1163 1004 458 1066 758
 1164 1004 458 1066 758
 1165 1004 458 1066 758
 1166 1004 458 1066 758
 1167 1004 458 1066 758
 1168 1004 458 1066 758
 1169 1004 458 1066 758
 1170 1004 458 1066 758
 1171 1004 458 1066 758
 1172 1004 458 1066 758
 1173 1004 458 1066 758
 1174 1004 458 1066 758
 1175 1004 458 1066 758
 1176 1004 458 1066 758
 1177 1004 458 1066 758
 1178 1004 458 1066 758
 1179 1004 458 1066 758
 1180 1004 458 1066 758
 1181 1004 458 1066 758
 1182 1004 458 1066 758
 1183 1004 458 1066 758
 1184 1004 458 1066 758
 1185 1004 458 1066 758
 1186 1004 458 1066 758
 1187 1004 458 1066 758
 1188 1004 458 1066 758
 1189 1004 458 1066 758
 1190 1004 458 1066 758
 1191 1004 458 1066 758
 1192 1004 458 1066 758
 1193 1004 458 1066 758
 1194 1004 458 1066 758
 1195 1004 458 1066 758
 1196 1004 458 1066 758
 1197 1004 458 1066 758
 1198 1004 458 1066 758
 1199 1004 458 1066 758
 1200 1004 458 1066 758
 1201 1004 458 1066 758
 1202 1004 458 1066 758
 1203 1004 458 1066 758
 1204 1004 458 1066 758
 1205 1004 458 1066 758
 1206 1004 458 1066 758
 1207 1004 458 1066 758
 1208 1004 458 1066 758
 1209 1004 458 1066 758
 1210 1004 458 1066 758
 1211 1004 458 1066 758
 1212 1004 458 1066 758
 1213 1004 458 1066 758
 1214 1004 458 1066 758
 1215 1004 458 1066 758
 1216 1004 458 1066 758
 1217 1004 458 1066 758
 1218 1004 458 1066 758
 1219 1004 458 1066 758
 1220 1004 458 1066 758
 1221 1004 458 1066 758
 1222 1004 458 1066 758
 1223 1004 458 1066 758
 1224 1004 458 1066 758
 1225 1004 458 1066 758
 1226 1004 458 1066 758
 1227 1004 458 1066 758
 1228 1004 458 1066 758
 1229 1004 458 1066 758
 1230 1004 458 1066 758
 1231 1004 458 1066 758
 1232 1004 458 1066 758
 1233 1004 458 1066 758
 1234 1004 458 1066 758
 1235 1004 458 1066 758
 1236 1004 458 1066 758
 1237 1004 458 1066 758
 1238 1004 458 1066 758
 1239 1004 458 1066 758
 1240 1004 458 1066 758
 1241 1004 458 1066 758
 1242 1004 458 1066 758
 1243 1004 458 1066 758
 1244 1004 458 1066 758
 1245 1004 458 1066 758
 1246 1004 458 1066 758
 1247 1004 458 1066 758
 1248 1004 458 1066 758
 1249 1004 458 1066 758
 1250 1004 458 1066 758
 1251 1004 458 1066 758
 1252 1004 458 1066 758
 1253 1004 458 1066 758
 1254 1004 458 1066 758
 1255 1004 458 1066 758
 1256 1004 458 1066 758
 1257 1004 458 1066 758
 1258 1004 458 1066 758
 1259 1004 458 1066 758
 1260 1004 458 1066 758
 1261 1004 458 1066 758
 1262 1004 458 1066 758
 1263 1004 458 1066 758
 1264 1004 458 1066 758
 1265 1004 458 1066 758
 1266 1004 458 1066 758
 1267 1004 458 1066 758
 1268 1004 458 1066 758
 1269 1004 458 1066 758
 1270 1022 434 1082 692
 1271 1022 434 1082 692
 1272 1022 434 1082 692
 1273 1022 434 1082 692
 1274 1022 434 1082 692
 1275 1022 434 1082 692
 1276 1022 434 1082 692
 1277 1022 434 1082 692
 1278 1022 434 1082 692
 1279 1022 434 1082 692
 1280 1022 434 1082 692
 1281 1022 434 1082 692
 1282 1022 434 1082 692
 1283 1022 434 1082 692
 1284 1022 434 1082 692
 1285 1022 434 1082 692
 1286 1022 434 1082 692
 1287 1022 434 1082 692
 1288 1022 434 1082 692
 1289 1022 434 1082 692
 1290 1022 434 1082 692
 1291 1022 434 1082 692
 1292 1022 434 1082 692
 1293 1022 434 1082 692
 1294 1022 434 1082 692
 1295 1022 434 1082 692
 1296 1022 434 1082 692
 1297 1022 434 1082 692
 1298 1022 434 1082 692
 1299 1022 434 1082 692
 1300 1022 434 1082 692
 1301 1022 434 1082 692
 1302 1022 434 1082 692
 1303 1022 434 1082 692
 1304 1022 434 1082 692
 1305 1022 434 1082 692
 1306 1022 434 1082 692
 1307 1022 434 1082 692
 1308 1022 434 1082 692
 1309 1022 434 1082 692
 1310 1086 432 1154 702
 1311 1086 432 1154 702
 1312 1086 432 1154 702
 1313 1086 432 1154 702
 1314 1086 432 1154 702
 1315 1086 432 1154 702
 1316 1086 432 1154 702
 1317 1086 432 1154 702
 1318 1086 432 1154 702
 1319 1086 432 1154 702
 1320 1086 432 1154 702
 1321 1086 432 1154 702
 1322 1086 432 1154 702
 1323 1086 432 1154 702
 1324 1086 432 1154 702
 1325 1086 432 1154 702
 1326 1086 432 1154 702
 1327 1086 432 1154 702
 1328 1086 432 1154 702
 1329 1086 432 1154 702
 1330 1086 432 1154 702
 1331 1086 432 1154 702
 1332 1086 432 1154 702
 1333 1086 432 1154 702
 1334 1086 432 1154 702
 1335 1086 432 1154 702
 1336 1086 432 1154 702
 1337 1086 432 1154 702
 1338 1086 432 1154 702
 1339 1086 432 1154 702
 1340 1086 432 1154 702
 1341 1086 432 1154 702
 1342 1086 432 1154 702
 1343 1086 432 1154 702
 1344 1086 432 1154 702
 1345 1086 432 1154 702
 1346 1086 432 1154 702
 1347 1086 432 1154 702
 1348 1086 432 1154 702
 1349 1086 432 1154 702
 1350 1086 432 1154 702
 1351 1086 432 1154 702
 1352 1086 432 1154 702
 1353 1086 432 1154 702
 1354 1086 432 1154 702
 1355 1086 432 1154 702
 1356 1086 432 1154 702
 1357 1086 432 1154 702
 1358 1086 432 1154 702
 1359 1086 432 1154 702
 1360 1086 432 1154 702
 1361 1086 432 1154 702
 1362 1086 432 1154 702
 1363 1086 432 1154 702
 1364 1086 432 1154 702
 1365 1086 432 1154 702
 1366 1086 432 1154 702
 1367 1086 432 1154 702
 1368 1086 432 1154 702
 1369 1150 430 1206 696
 1370 1150 430 1206 696
 1371 1150 430 1206 696
 1372 1150 430 1206 696
 1373 1150 430 1206 696
 1374 1150 430 1206 696
 1375 1150 430 1206 696
 1376 1150 430 1206 696
 1377 1150 430 1206 696
 1378 1150 430 1206 696
 1379 1150 430 1206 696
 1380 1150 430 1206 696
 1381 1150 430 1206 696
 1382 1150 430 1206 696
 1383 1150 430 1206 696
 1384 1150 430 1206 696
 1385 1150 430 1206 696
 1386 1150 430 1206 696
 1387 1150 430 1206 696
 1388 1150 430 1206 696
 1389 1150 430 1206 696
 1390 1150 430 1206 696
 1391 1150 430 1206 696
 1392 1150 430 1206 696
 1393 1150 430 1206 696
 1394 1150 430 1206 696
 1395 1150 430 1206 696
 1396 1150 430 1206 696
 1397 1150 430 1206 696
 1398 1150 430 1206 696
 1399 1150 430 1206 696
 1400 1150 430 1206 696
 1401 1150 430 1206 696
 1402 1150 430 1206 696
 1403 1150 430 1206 696
 1404 1150 430 1206 696
 1405 1150 430 1206 696
 1406 1150 430 1206 696
 1407 1150 430 1206 696
 1408 1150 430 1206 696
 1409 1150 430 1206 696
 1410 1150 430 1206 696
 1411 1150 430 1206 696
 1412 1150 430 1206 696
 1413 1150 430 1206 696
 1414 1150 430 1206 696
 1415 1150 430 1206 696
 1416 1150 430 1206 696
 1417 1150 430 1206 696
 1418 1150 430 1206 696
 1419 1150 430 1206 696
 1420 1150 430 1206 696
 1421 1150 430 1206 696
 1422 1150 430 1206 696
 1423 1150 430 1206 696
 1424 1150 430 1206 696
 1425 1150 430 1206 696
 1426 1150 430 1206 696
 1427 1150 430 1206 696
 1428 1150 430 1206 696
 1429 1150 430 1206 696
 1430 1150 430 1206 696
 1431 1150 430 1206 696
 1432 1150 430 1206 696
 1433 1150 430 1206 696
 1434 1150 430 1206 696
 1435 1150 430 1206 696
 1436 1150 430 1206 696
 1437 1150 430 1206 696
 1438 1150 430 1206 696
 1439 1150 430 1206 696
 1440 1150 430 1206 696
 1441 1150 430 1206 696
 1442 1150 430 1206 696
 1443 1150 430 1206 696
 1444 1150 430 1206 696
 1445 1150 430 1206 696
 1446 1150 430 1206 696
 1447 1150 430 1206 696
 1448 1150 430 1206 696
 1449 1150 430 1206 696
 1450 1150 430 1206 696
 1451 1150 430 1206 696
 1452 1150 430 1206 696
 1453 1150 430 1206 696
 1454 1150 430 1206 696
 1455 1150 430 1206 696
 1456 1150 430 1206 696
 1457 1150 430 1206 696
 1458 1150 430 1206 696
 1459 1150 430 1206 696
 1460 1150 430 1206 696
 1461 1150 430 1206 696
 1462 1150 430 1206 696
 1463 1150 430 1206 696
 1464 1150 430 1206 696
 1465 1150 430 1206 696
 1466 1150 430 1206 696
 1467 1150 430 1206 696
 1468 1150 430 1206 696
 1469 1150 430 1206 696
 1470 1150 430 1206 696
 1471 1150 430 1206 696
 1472 1150 430 1206 696
 1473 1150 430 1206 696
 1474 1150 430 1206 696
 1475 1150 430 1206 696
 1476 1150 430 1206 696
 1477 1150 430 1206 696
 1478 1150 430 1206 696
 1479 1150 430 1206 696
 1480 1150 430 1206 696
 1481 1150 430 1206 696
 1482 1150 430 1206 696
 1483 1150 430 1206 696
 1484 1150 430 1206 696
 1485 1150 430 1206 696
 1486 1150 430 1206 696
 1487 1150 430 1206 696
 1488 1150 430 1206 696
 1489 1150 430 1206 696
 1490 1150 430 1206 696
 1491 1150 430 1206 696
 1492 1150 430 1206 696
 1493 1150 430 1206 696
 1494 1150 430 1206 696
 1495 1150 430 1206 696
 1496 1150 430 1206 696
 1497 1150 430 1206 696
 1498 1150 430 1206 696
 1499 1150 430 1206 696
 1500 1150 430 1206 696
 1501 1150 430 1206 696
 1502 1150 430 1206 696
 1503 1150 430 1206 696
 1504 1150 430 1206 696
 1505 1150 430 1206 696
 1506 1150 430 1206 696
 1507 1150 430 1206 696
 1508 1150 430 1206 696
 1509 1150 430 1206 696
 1510 1150 430 1206 696
 1511 1150 430 1206 696
 1512 1150 430 1206 696
 1513 1150 430 1206 696
 1514 1150 430 1206 696
 1515 1150 430 1206 696
 1516 1150 430 1206 696
 1517 1150 430 1206 696
 1518 1150 430 1206 696
 1519 1150 430 1206 696
 1520 1150 430 1206 696
 1521 1150 430 1206 696
 1522 1150 430 1206 696
 1523 1150 430 1206 696
 1524 1150 430 1206 696
 1525 1150 430 1206 696
 1526 1150 430 1206 696
 1527 1150 430 1206 696
 1528 1150 430 1206 696
 1529 1150 430 1206 696
 1530 1150 430 1206 696
 1531 1150 430 1206 696
 1532 1150 430 1206 696
 1533 1150 430 1206 696
 1534 1150 430 1206 696
 1535 1150 430 1206 696
 1536 1150 430 1206 696
 1537 1150 430 1206 696
 1538 1150 430 1206 696
 1539 1150 430 1206 696
 1540 1150 430 1206 696
 1541 1150 430 1206 696
 1542 1150 430 1206 696
 1543 1150 430 1206 696
 1544 1150 430 1206 696
 1545 1150 430 1206 696
 1546 1150 430 1206 696
 1547 1150 430 1206 696
 1548 1150 430 1206 696
 1549 1150 430 1206 696
 1550 1150 430 1206 696
 1551 1150 430 1206 696
 1552 1150 430 1206 696
 1553 1150 430 1206 696
 1554 1150 430 1206 696
 1555 1150 430 1206 696
 1556 1150 430 1206 696
 1557 1150 430 1206 696
 1558 1150 430 1206 696
 1559 1150 430 1206 696
 1560 1150 430 1206 696
 1561 1066 428 1130 696
 1562 1066 428 1130 696
 1563 1066 428 1130 696
 1564 1066 428 1130 696
 1565 1066 428 1130 696
 1566 1066 428 1130 696
 1567 1066 428 1130 696
 1568 1066 428 1130 696
 1569 1066 428 1130 696
 1570 1066 428 1130 696
 1571 1066 428 1130 696
 1572 1066 428 1130 696
 1573 1066 428 1130 696
 1574 1066 428 1130 696
 1575 1066 428 1130 696
 1576 1066 428 1130 696
 1577 1066 428 1130 696
 1578 1066 428 1130 696
 1579 1066 428 1130 696
 1580 1066 428 1130 696
 1581 1066 428 1130 696
 1582 1066 428 1130 696
 1583 1066 428 1130 696
 1584 1066 428 1130 696
 1585 1066 428 1130 696
 1586 1066 428 1130 696
 1587 1066 428 1130 696
 1588 1066 428 1130 696
 1589 1066 428 1130 696
 1590 1066 428 1130 696
 1591 1066 428 1130 696
 1592 1066 428 1130 696
 1593 1066 428 1130 696
 1594 1066 428 1130 696
 1595 1066 428 1130 696
 1596 1066 428 1130 696
 1597 1066 428 1130 696
 1598 1066 428 1130 696
 1599 1066 428 1130 696
 1600 1066 428 1130 696
 1601 1066 428 1130 696
 1602 1066 428 1130 696
 1603 1066 428 1130 696
 1604 1066 428 1130 696
 1605 1066 428 1130 696
 1606 1066 428 1130 696
 1607 1066 428 1130 696
 1608 966 428 1070 688
 1609 966 428 1070 688
 1610 966 428 1070 688
 1611 966 428 1070 688
 1612 966 428 1070 688
 1613 966 428 1070 688
 1614 966 428 1070 688
 1615 966 428 1070 688
 1616 966 428 1070 688
 1617 966 428 1070 688
 1618 966 428 1070 688
 1619 966 428 1070 688
 1620 966 428 1070 688
 1621 966 428 1070 688
 1622 966 428 1070 688
 1623 966 428 1070 688
 1624 966 428 1070 688
 1625 966 428 1070 688
 1626 966 428 1070 688
 1627 966 428 1070 688
 1628 966 428 1070 688
 1629 966 428 1070 688
 1630 966 428 1070 688
 1631 966 428 1070 688
 1632 966 428 1070 688
 1633 966 428 1070 688
 1634 966 428 1070 688
 1635 966 428 1070 688
 1636 966 428 1070 688
 1637 966 428 1070 688
 1638 966 428 1070 688
 1639 966 428 1070 688
 1640 966 428 1070 688
 1641 966 428 1070 688
 1642 966 428 1070 688
 1643 966 428 1070 688
 1644 966 428 1070 688
 1645 966 428 1070 688
 1646 966 428 1070 688
 1647 966 428 1070 688
 1648 966 428 1070 688
 1649 966 428 1070 688
 1650 966 428 1070 688
 1651 966 428 1070 688
 1652 966 428 1070 688
 1653 966 428 1070 688
 1654 966 428 1070 688
 1655 966 428 1070 688
 1656 966 428 1070 688
 1657 966 428 1070 688
 1658 966 428 1070 688
 1659 966 428 1070 688
 1660 966 428 1070 688
 1661 966 428 1070 688
 1662 966 428 1070 688
 1663 966 428 1070 688
 1664 872 428 964 710
 1665 872 428 964 710
 1666 872 428 964 710
 1667 872 428 964 710
 1668 872 428 964 710
 1669 872 428 964 710
 1670 872 428 964 710
 1671 872 428 964 710
 1672 872 428 964 710
 1673 872 428 964 710
 1674 872 428 964 710
 1675 872 428 964 710
 1676 872 428 964 710
 1677 872 428 964 710
 1678 872 428 964 710
 1679 872 428 964 710
 1680 872 428 964 710
 1681 872 428 964 710
 1682 872 428 964 710
 1683 872 428 964 710
 1684 872 428 964 710
 1685 872 428 964 710
 1686 872 428 964 710
 1687 872 428 964 710
 1688 872 428 964 710
 1689 872 428 964 710
 1690 872 428 964 710
 1691 872 428 964 710
 1692 872 428 964 710
 1693 872 428 964 710
 1694 872 428 964 710
 1695 872 428 964 710
 1696 872 428 964 710
 1697 872 428 964 710
 1698 872 428 964 710
 1699 872 428 964 710
 1700 872 428 964 710
 1701 872 428 964 710
 1702 872 428 964 710
 1703 872 428 964 710
 1704 872 428 964 710
 1705 872 428 964 710
 1706 872 428 964 710
 1707 872 428 964 710
 1708 872 428 964 710
 1709 872 428 964 710
 1710 872 428 964 710
 1711 872 428 964 710
 1712 872 428 964 710
 1713 784 438 884 726
 1714 784 438 884 726
 1715 784 438 884 726
 1716 784 438 884 726
 1717 784 438 884 726
 1718 784 438 884 726
 1719 784 438 884 726
 1720 784 438 884 726
 1721 784 438 884 726
 1722 784 438 884 726
 1723 784 438 884 726
 1724 784 438 884 726
 1725 784 438 884 726
 1726 784 438 884 726
 1727 784 438 884 726
 1728 784 438 884 726
 1729 784 438 884 726
 1730 784 438 884 726
 1731 784 438 884 726
 1732 784 438 884 726
 1733 784 438 884 726
 1734 784 438 884 726
 1735 784 438 884 726
 1736 784 438 884 726
 1737 784 438 884 726
 1738 784 438 884 726
 1739 784 438 884 726
 1740 784 438 884 726
 1741 784 438 884 726
 1742 784 438 884 726
 1743 784 438 884 726
 1744 784 438 884 726
 1745 784 438 884 726
 1746 784 438 884 726
 1747 784 438 884 726
 1748 784 438 884 726
 1749 784 438 884 726
 1750 784 438 884 726
 1751 784 438 884 726
 1752 784 438 884 726
 1753 784 438 884 726
 1754 784 438 884 726
 1755 784 438 884 726
 1756 784 438 884 726
 1757 784 438 884 726
 1758 784 438 884 726
 1759 784 438 884 726
 1760 784 438 884 726
 1761 784 438 884 726
 1762 784 438 884 726
 1763 784 438 884 726
 1764 784 438 884 726
 1765 784 438 884 726
 1766 784 438 884 726
 1767 784 438 884 726
 1768 784 438 884 726
 1769 784 438 884 726
 1770 784 438 884 726
 1771 784 438 884 726
 1772 784 438 884 726
 1773 784 438 884 726
 1774 784 438 884 726
 1775 784 438 884 726
 1776 784 438 884 726
 1777 784 438 884 726
 1778 784 438 884 726
 1779 784 438 884 726
 1780 784 438 884 726
 1781 784 438 884 726
 1782 784 438 884 726
 1783 784 438 884 726
 1784 784 438 884 726
 1785 784 438 884 726
 1786 784 438 884 726
 1787 784 438 884 726
 1788 784 438 884 726
 1789 784 438 884 726
 1790 784 438 884 726
 1791 784 438 884 726
 1792 784 438 884 726
 1793 784 438 884 726
 1794 784 438 884 726
 1795 784 438 884 726
 1796 784 438 884 726
 1797 784 438 884 726
 1798 784 438 884 726
 1799 784 438 884 726
 1800 700 462 808 782
 1801 700 462 808 782
 1802 700 462 808 782
 1803 700 462 808 782
 1804 700 462 808 782
 1805 700 462 808 782
 1806 700 462 808 782
 1807 700 462 808 782
 1808 700 462 808 782
 1809 700 462 808 782
 1810 700 462 808 782
 1811 700 462 808 782
 1812 700 462 808 782
 1813 700 462 808 782
 1814 700 462 808 782
 1815 700 462 808 782
 1816 700 462 808 782
 1817 700 462 808 782
 1818 700 462 808 782
 1819 700 462 808 782
 1820 700 462 808 782
 1821 700 462 808 782
 1822 700 462 808 782
 1823 700 462 808 782
 1824 700 462 808 782
 1825 700 462 808 782
 1826 700 462 808 782
 1827 700 462 808 782
 1828 700 462 808 782
 1829 700 462 808 782
 1830 700 462 808 782
 1831 700 462 808 782
 1832 700 462 808 782
 1833 700 462 808 782
 1834 700 462 808 782
 1835 700 462 808 782
 1836 700 462 808 782
 1837 700 462 808 782
 1838 700 462 808 782
 1839 700 462 808 782
 1840 700 462 808 782
 1841 700 462 808 782
 1842 700 462 808 782
 1843 700 462 808 782
 1844 700 462 808 782
 1845 700 462 808 782
 1846 700 462 808 782
 1847 700 462 808 782
 1848 700 462 808 782
 1849 700 462 808 782
 1850 700 462 808 782
 1851 700 462 808 782
 1852 700 462 808 782
 1853 700 462 808 782
 1854 700 462 808 782
 1855 700 462 808 782
 1856 700 462 808 782
 1857 700 462 808 782
 1858 700 462 808 782
 1859 700 462 808 782
 1860 700 462 808 782
 1861 700 462 808 782
 1862 700 462 808 782
 1863 700 462 808 782
 1864 700 462 808 782
 1865 700 462 808 782
 1866 700 462 808 782
 1867 700 462 808 782
 1868 700 462 808 782
 1869 700 462 808 782
 1870 700 462 808 782
 1871 700 462 808 782
 1872 700 462 808 782
 1873 700 462 808 782
 1874 700 462 808 782
 1875 700 462 808 782
 1876 700 462 808 782
 1877 700 462 808 782
 1878 700 462 808 782
 1879 700 462 808 782
 1880 700 462 808 782
 1881 700 462 808 782
 1882 700 462 808 782
 1883 700 462 808 782
 1884 700 462 808 782
 1885 700 462 808 782
 1886 700 462 808 782
 1887 700 462 808 782
 1888 700 462 808 782
 1889 700 462 808 782
 1890 700 462 808 782
 1891 700 462 808 782
 1892 700 462 808 782
 1893 700 462 808 782
 1894 700 462 808 782
 1895 700 462 808 782
 1896 700 462 808 782
 1897 700 462 808 782
 1898 700 462 808 782
 1899 700 462 808 782
 1900 700 462 808 782
 1901 700 462 808 782
 1902 700 462 808 782
 1903 700 462 808 782
 1904 700 462 808 782
 1905 700 462 808 782
 1906 700 462 808 782
 1907 700 462 808 782
 1908 700 462 808 782
 1909 792 482 898 858
 1910 792 482 898 858
 1911 792 482 898 858
 1912 792 482 898 858
 1913 792 482 898 858
 1914 792 482 898 858
 1915 792 482 898 858
 1916 792 482 898 858
 1917 792 482 898 858
 1918 792 482 898 858
 1919 792 482 898 858
 1920 792 482 898 858
 1921 792 482 898 858
 1922 792 482 898 858
 1923 792 482 898 858
 1924 792 482 898 858
 1925 792 482 898 858
 1926 792 482 898 858
 1927 792 482 898 858
 1928 792 482 898 858
 1929 792 482 898 858
 1930 792 482 898 858
 1931 792 482 898 858
 1932 792 482 898 858
 1933 792 482 898 858
 1934 792 482 898 858
 1935 792 482 898 858
 1936 792 482 898 858
 1937 792 482 898 858
 1938 792 482 898 858
 1939 792 482 898 858
 1940 792 482 898 858
 1941 792 482 898 858
 1942 792 482 898 858
 1943 792 482 898 858
 1944 792 482 898 858
 1945 792 482 898 858
 1946 792 482 898 858
 1947 792 482 898 858
 1948 792 482 898 858
 1949 792 482 898 858
 1950 792 482 898 858
 1951 792 482 898 858
 1952 792 482 898 858
 1953 792 482 898 858
 1954 792 482 898 858
 1955 792 482 898 858
 1956 792 482 898 858
 1957 792 482 898 858
 1958 792 482 898 858
 1959 792 482 898 858
 1960 792 482 898 858
 1961 792 482 898 858
 1962 792 482 898 858
 1963 792 482 898 858
 1964 792 482 898 858
 1965 792 482 898 858
 1966 792 482 898 858
 1967 792 482 898 858
 1968 792 482 898 858
 1969 792 482 898 858
 1970 792 482 898 858
 1971 792 482 898 858
 1972 792 482 898 858
 1973 792 482 898 858
 1974 926 496 1016 874
 1975 926 496 1016 874
 1976 926 496 1016 874
 1977 926 496 1016 874
 1978 926 496 1016 874
 1979 926 496 1016 874
 1980 926 496 1016 874
 1981 926 496 1016 874
 1982 926 496 1016 874
 1983 926 496 1016 874
 1984 926 496 1016 874
 1985 926 496 1016 874
 1986 926 496 1016 874
 1987 926 496 1016 874
 1988 926 496 1016 874
 1989 926 496 1016 874
 1990 926 496 1016 874
 1991 926 496 1016 874
 1992 926 496 1016 874
 1993 926 496 1016 874
 1994 926 496 1016 874
 1995 926 496 1016 874
 1996 926 496 1016 874
 1997 926 496 1016 874
 1998 926 496 1016 874
 1999 926 496 1016 874
 2000 926 496 1016 874
 2001 926 496 1016 874
 2002 926 496 1016 874
 2003 926 496 1016 874
 2004 926 496 1016 874
 2005 926 496 1016 874
 2006 926 496 1016 874
 2007 926 496 1016 874
 2008 926 496 1016 874
 2009 926 496 1016 874
 2010 1026 496 1120 866
 2011 1026 496 1120 866
 2012 1026 496 1120 866
 2013 1026 496 1120 866
 2014 1026 496 1120 866
 2015 1026 496 1120 866
 2016 1026 496 1120 866
 2017 1026 496 1120 866
 2018 1026 496 1120 866
 2019 1026 496 1120 866
 2020 1026 496 1120 866
 2021 1026 496 1120 866
 2022 1026 496 1120 866
 2023 1026 496 1120 866
 2024 1026 496 1120 866
 2025 1026 496 1120 866
 2026 1026 496 1120 866
 2027 1026 496 1120 866
 2028 1026 496 1120 866
 2029 1026 496 1120 866
 2030 1026 496 1120 866
 2031 1026 496 1120 866
 2032 1026 496 1120 866
 2033 1026 496 1120 866
 2034 1026 496 1120 866
 2035 1026 496 1120 866
 2036 1026 496 1120 866
 2037 1026 496 1120 866
 2038 1026 496 1120 866
 2039 1026 496 1120 866
 2040 1026 496 1120 866
 2041 1026 496 1120 866
 2042 1026 496 1120 866
 2043 1026 496 1120 866
 2044 1026 496 1120 866
 2045 1136 500 1240 880
 2046 1136 500 1240 880
 2047 1136 500 1240 880
 2048 1136 500 1240 880
 2049 1136 500 1240 880
 2050 1136 500 1240 880
 2051 1136 500 1240 880
 2052 1136 500 1240 880
 2053 1136 500 1240 880
 2054 1136 500 1240 880
 2055 1136 500 1240 880
 2056 1136 500 1240 880
 2057 1136 500 1240 880
 2058 1136 500 1240 880
 2059 1136 500 1240 880
 2060 1136 500 1240 880
 2061 1136 500 1240 880
 2062 1136 500 1240 880
 2063 1136 500 1240 880
 2064 1136 500 1240 880
 2065 1136 500 1240 880
 2066 1136 500 1240 880
 2067 1136 500 1240 880
 2068 1136 500 1240 880
 2069 1136 500 1240 880
 2070 1136 500 1240 880
 2071 1136 500 1240 880
 2072 1136 500 1240 880
 2073 1136 500 1240 880
 2074 1136 500 1240 880
 2075 1136 500 1240 880
 2076 1136 500 1240 880
 2077 1136 500 1240 880
 2078 1136 500 1240 880
 2079 1136 500 1240 880
 2080 1136 500 1240 880
 2081 1136 500 1240 880
 2082 1136 500 1240 880
 2083 1136 500 1240 880
 2084 1136 500 1240 880
 2085 1244 498 1368 876
 2086 1244 498 1368 876
 2087 1244 498 1368 876
 2088 1244 498 1368 876
 2089 1244 498 1368 876
 2090 1244 498 1368 876
 2091 1244 498 1368 876
 2092 1244 498 1368 876
 2093 1244 498 1368 876
 2094 1244 498 1368 876
 2095 1244 498 1368 876
 2096 1244 498 1368 876
 2097 1244 498 1368 876
 2098 1244 498 1368 876
 2099 1244 498 1368 876
 2100 1244 498 1368 876
 2101 1244 498 1368 876
 2102 1244 498 1368 876
 2103 1244 498 1368 876
 2104 1244 498 1368 876
 2105 1244 498 1368 876
 2106 1244 498 1368 876
 2107 1244 498 1368 876
 2108 1244 498 1368 876
 2109 1244 498 1368 876
 2110 1244 498 1368 876
 2111 1244 498 1368 876
 2112 1244 498 1368 876
 2113 1244 498 1368 876
 2114 1244 498 1368 876
 2115 1244 498 1368 876
 2116 1244 498 1368 876
 2117 1244 498 1368 876
 2118 1244 498 1368 876
 2119 1244 498 1368 876
 2120 1244 498 1368 876
 2121 1244 498 1368 876
 2122 1244 498 1368 876
 2123 1338 508 1498 874
 2124 1338 508 1498 874
 2125 1338 508 1498 874
 2126 1338 508 1498 874
 2127 1338 508 1498 874
 2128 1338 508 1498 874
 2129 1338 508 1498 874
 2130 1338 508 1498 874
 2131 1338 508 1498 874
 2132 1338 508 1498 874
 2133 1338 508 1498 874
 2134 1338 508 1498 874
 2135 1338 508 1498 874
 2136 1338 508 1498 874
 2137 1338 508 1498 874
 2138 1338 508 1498 874
 2139 1338 508 1498 874
 2140 1338 508 1498 874
 2141 1338 508 1498 874
 2142 1338 508 1498 874
 2143 1338 508 1498 874
 2144 1338 508 1498 874
 2145 1338 508 1498 874
 2146 1338 508 1498 874
 2147 1338 508 1498 874
 2148 1338 508 1498 874
 2149 1338 508 1498 874
 2150 1338 508 1498 874
 2151 1338 508 1498 874
 2152 1338 508 1498 874
 2153 1338 508 1498 874
 2154 1338 508 1498 874
 2155 1338 508 1498 874
 2156 1338 508 1498 874
 2157 1338 508 1498 874
 2158 1338 508 1498 874
 2159 1338 508 1498 874
 2160 1338 508 1498 874
 2161 1338 508 1498 874
 2162 1338 508 1498 874
 2163 1338 508 1498 874
 2164 1338 508 1498 874
 2165 1338 508 1498 874
 2166 1338 508 1498 874
 2167 1338 508 1498 874
 2168 1338 508 1498 874
 2169 1338 508 1498 874
 2170 1338 508 1498 874
 2171 1338 508 1498 874
 2172 1338 508 1498 874
 2173 1338 508 1498 874
 2174 1338 508 1498 874
 2175 1338 508 1498 874
 2176 1338 508 1498 874
 2177 1338 508 1498 874
 2178 1338 508 1498 874
 2179 1338 508 1498 874
 2180 1338 508 1498 874
 2181 1338 508 1498 874
 2182 1338 508 1498 874
 2183 1508 502 1620 872
 2184 1508 502 1620 872
 2185 1508 502 1620 872
 2186 1508 502 1620 872
 2187 1508 502 1620 872
 2188 1508 502 1620 872
 2189 1508 502 1620 872
 2190 1508 502 1620 872
 2191 1508 502 1620 872
 2192 1508 502 1620 872
 2193 1508 502 1620 872
 2194 1508 502 1620 872
 2195 1508 502 1620 872
 2196 1508 502 1620 872
 2197 1508 502 1620 872
 2198 1508 502 1620 872
 2199 1508 502 1620 872
 2200 1508 502 1620 872
 2201 1508 502 1620 872
 2202 1508 502 1620 872
 2203 1508 502 1620 872
 2204 1508 502 1620 872
 2205 1508 502 1620 872
 2206 1508 502 1620 872
 2207 1508 502 1620 872
 2208 1508 502 1620 872
 2209 1508 502 1620 872
 2210 1508 502 1620 872
 2211 1508 502 1620 872
 2212 1508 502 1620 872
 2213 1508 502 1620 872
 2214 1508 502 1620 872
 2215 1508 502 1620 872
 2216 1508 502 1620 872
 2217 1508 502 1620 872
 2218 1508 502 1620 872
 2219 1508 502 1620 872
 2220 1508 502 1620 872
 2221 1508 502 1620 872
 2222 1508 502 1620 872
 2223 1508 502 1620 872
 2224 1508 502 1620 872
 2225 1508 502 1620 872
 2226 1508 502 1620 872
 2227 1508 502 1620 872
 2228 1508 502 1620 872
 2229 1508 502 1620 872
 2230 1508 502 1620 872
 2231 1508 502 1620 872
 2232 1508 502 1620 872
 2233 1508 502 1620 872
 2234 1508 502 1620 872
 2235 1508 502 1620 872
 2236 1508 502 1620 872
 2237 1508 502 1620 872
 2238 1508 502 1620 872
 2239 1508 502 1620 872
 2240 1508 502 1620 872
 2241 1508 502 1620 872
 2242 1508 502 1620 872
 2243 1508 502 1620 872
 2244 1508 502 1620 872
 2245 1508 502 1620 872
 2246 1508 502 1620 872
 2247 1508 502 1620 872
 2248 1508 502 1620 872
 2249 1508 502 1620 872
 2250 1508 502 1620 872
 2251 1508 502 1620 872
 2252 1508 502 1620 872
 2253 1508 502 1620 872
 2254 1508 502 1620 872
 2255 1508 502 1620 872
 2256 1508 502 1620 872
 2257 1508 502 1620 872
 2258 1508 502 1620 872
 2259 1508 502 1620 872
 2260 1508 502 1620 872
 2261 1508 502 1620 872
 2262 1508 502 1620 872
 2263 1508 502 1620 872
 2264 1508 502 1620 872
 2265 1508 502 1620 872
 2266 1508 502 1620 872
 2267 1508 502 1620 872
 2268 1508 502 1620 872
 2269 1508 502 1620 872
 2270 1508 502 1620 872
 2271 1508 502 1620 872
 2272 1508 502 1620 872
 2273 1508 502 1620 872
 2274 1508 502 1620 872
 2275 1508 502 1620 872
 2276 1508 502 1620 872
 2277 1508 502 1620 872
 2278 1508 502 1620 872
 2279 1508 502 1620 872
 2280 1508 502 1620 872
 2281 1508 502 1620 872
 2282 1508 502 1620 872
 2283 1508 502 1620 872
 2284 1508 502 1620 872
 2285 1508 502 1620 872
 2286 1508 502 1620 872
 2287 1508 502 1620 872
 2288 1508 502 1620 872
 2289 1508 502 1620 872
 2290 1508 502 1620 872
 2291 1508 502 1620 872
 2292 1508 502 1620 872
 2293 1508 502 1620 872
 2294 1508 502 1620 872
 2295 1508 502 1620 872
 2296 1508 502 1620 872
 2297 1508 502 1620 872
 2298 1508 502 1620 872
 2299 1508 502 1620 872
 2300 1508 502 1620 872
 2301 1508 502 1620 872
 2302 1508 502 1620 872
 2303 1508 502 1620 872
 2304 1508 502 1620 872
 2305 1508 502 1620 872
 2306 1508 502 1620 872
 2307 1508 502 1620 872
 2308 1508 502 1620 872
 2309 1508 502 1620 872
 2310 1508 502 1620 872
 2311 1508 502 1620 872
 2312 1508 502 1620 872
 2313 1508 502 1620 872
 2314 1508 502 1620 872
 2315 1508 502 1620 872
 2316 1508 502 1620 872
 2317 1508 502 1620 872
 2318 1508 502 1620 872
 2319 1508 502 1620 872
 2320 1508 502 1620 872
 2321 1508 502 1620 872
 2322 1508 502 1620 872
 2323 1508 502 1620 872
 2324 1508 502 1620 872
 2325 1508 502 1620 872
 2326 1508 502 1620 872
 2327 1508 502 1620 872
 2328 1508 502 1620 872
 2329 1508 502 1620 872
 2330 1508 502 1620 872
 2331 1508 502 1620 872
 2332 1508 502 1620 872
 2333 1508 502 1620 872
 2334 1508 502 1620 872
 2335 1508 502 1620 872
 2336 1508 502 1620 872
 2337 1508 502 1620 872
 2338 1508 502 1620 872
 2339 1508 502 1620 872
 2340 1508 502 1620 872
 2341 1508 502 1620 872
 2342 1508 502 1620 872
 2343 1508 502 1620 872
 2344 1508 502 1620 872
 2345 1508 502 1620 872
 2346 1508 502 1620 872
 2347 1508 502 1620 872
 2348 1508 502 1620 872
 2349 1508 502 1620 872
 2350 1508 502 1620 872
 2351 1508 502 1620 872
 2352 1508 502 1620 872
 2353 1508 502 1620 872
 2354 1508 502 1620 872
 2355 1508 502 1620 872
 2356 1508 502 1620 872
 2357 1508 502 1620 872
 2358 1508 502 1620 872
 2359 1508 502 1620 872
 2360 1508 502 1620 872
 2361 1508 502 1620 872
 2362 1508 502 1620 872
 2363 1508 502 1620 872
 2364 1508 502 1620 872
 2365 1508 502 1620 872
 2366 1508 502 1620 872
 2367 1508 502 1620 872
 2368 1508 502 1620 872
 2369 1508 502 1620 872
 2370 1508 502 1620 872
 2371 1508 502 1620 872
 2372 1508 502 1620 872
 2373 1508 502 1620 872
 2374 1508 502 1620 872
 2375 1508 502 1620 872
 2376 1508 502 1620 872
 2377 1508 502 1620 872
 2378 1508 502 1620 872
 2379 1508 502 1620 872
 2380 1508 502 1620 872
 2381 1508 502 1620 872
 2382 1508 502 1620 872
 2383 1508 502 1620 872
 2384 1508 502 1620 872
 2385 1508 502 1620 872
 2386 1508 502 1620 872
 2387 1508 502 1620 872
 2388 1508 502 1620 872
 2389 1508 502 1620 872
 2390 1508 502 1620 872
 2391 1508 502 1620 872
 2392 1508 502 1620 872
 2393 1508 502 1620 872
 2394 1508 502 1620 872
 2395 1508 502 1620 872
 2396 1508 502 1620 872
 2397 1508 502 1620 872
 2398 1508 502 1620 872
 2399 1508 502 1620 872
 2400 1508 502 1620 872
 2401 1508 502 1620 872
 2402 1508 502 1620 872
 2403 1508 502 1620 872
 2404 1508 502 1620 872
 2405 1508 502 1620 872
 2406 1508 502 1620 872
 2407 1508 502 1620 872
 2408 1508 502 1620 872
 2409 1508 502 1620 872
 2410 1508 502 1620 872
 2411 1508 502 1620 872
 2412 1508 502 1620 872
 2413 1508 502 1620 872
 2414 1508 502 1620 872
 2415 1508 502 1620 872
 2416 1508 502 1620 872
 2417 1508 502 1620 872
 2418 1508 502 1620 872
 2419 1508 502 1620 872
 2420 1508 502 1620 872
 2421 1508 502 1620 872
 2422 1508 502 1620 872
 2423 1508 502 1620 872
 2424 1508 502 1620 872
 2425 1508 502 1620 872
 2426 1508 502 1620 872
 2427 1508 502 1620 872
 2428 1508 502 1620 872
 2429 1508 502 1620 872
 2430 1508 502 1620 872
 2431 1508 502 1620 872
 2432 1508 502 1620 872
 2433 1508 502 1620 872
 2434 1508 502 1620 872
 2435 1508 502 1620 872
 2436 1508 502 1620 872
 2437 1508 502 1620 872
 2438 1508 502 1620 872
 2439 1508 502 1620 872
 2440 1508 502 1620 872
 2441 1508 502 1620 872
 2442 1508 502 1620 872
 2443 1508 502 1620 872
 2444 1508 502 1620 872
 2445 1508 502 1620 872
 2446 1508 502 1620 872
 2447 1508 502 1620 872
 2448 1508 502 1620 872
 2449 1508 502 1620 872
 2450 1508 502 1620 872
 2451 1508 502 1620 872
 2452 1508 502 1620 872
 2453 1508 502 1620 872
 2454 1508 502 1620 872
 2455 1508 502 1620 872
 2456 1508 502 1620 872
 2457 1508 502 1620 872
 2458 1508 502 1620 872
 2459 1508 502 1620 872
 2460 1508 502 1620 872
 2461 1508 502 1620 872
 2462 1508 502 1620 872
 2463 1508 502 1620 872
 2464 1508 502 1620 872
 2465 1508 502 1620 872
 2466 1508 502 1620 872
 2467 1508 502 1620 872
 2468 1508 502 1620 872
 2469 1508 502 1620 872
 2470 1508 502 1620 872
 2471 1508 502 1620 872
 2472 1508 502 1620 872
 2473 1508 502 1620 872
 2474 1508 502 1620 872
 2475 1508 502 1620 872
 2476 1508 502 1620 872
 2477 1508 502 1620 872
 2478 1508 502 1620 872
 2479 1508 502 1620 872
 2480 1508 502 1620 872
 2481 1508 502 1620 872
 2482 1508 502 1620 872
 2483 1508 502 1620 872
 2484 1508 502 1620 872
 2485 1508 502 1620 872
 2486 1508 502 1620 872
 2487 1508 502 1620 872
 2488 1508 502 1620 872
 2489 1508 502 1620 872
 2490 1508 502 1620 872
 2491 1508 502 1620 872
 2492 1508 502 1620 872
 2493 1508 502 1620 872
 2494 1508 502 1620 872
 2495 1508 502 1620 872
 2496 1508 502 1620 872
 2497 1508 502 1620 872
 2498 1508 502 1620 872
 2499 1508 502 1620 872
 2500 1508 502 1620 872
 2501 1508 502 1620 872
 2502 1508 502 1620 872
 2503 1508 502 1620 872
 2504 1508 502 1620 872
 2505 1508 502 1620 872
 2506 1508 502 1620 872
 2507 1508 502 1620 872
 2508 1508 502 1620 872
 2509 1508 502 1620 872
 2510 1508 502 1620 872
 2511 1508 502 1620 872
 2512 1508 502 1620 872
 2513 1508 502 1620 872
 2514 1508 502 1620 872
 2515 1508 502 1620 872
 2516 1508 502 1620 872
 2517 1508 502 1620 872
 2518 1508 502 1620 872
 2519 1508 502 1620 872
 2520 1508 502 1620 872
 2521 1508 502 1620 872
 2522 1508 502 1620 872
 2523 1508 502 1620 872
 2524 1508 502 1620 872
 2525 1508 502 1620 872
 2526 1508 502 1620 872
 2527 1508 502 1620 872
 2528 1508 502 1620 872
 2529 1508 502 1620 872
 2530 1508 502 1620 872
 2531 1508 502 1620 872
 2532 1508 502 1620 872
 2533 1508 502 1620 872
 2534 1508 502 1620 872
 2535 1508 502 1620 872
 2536 1508 502 1620 872
 2537 1508 502 1620 872
 2538 1508 502 1620 872
 2539 1508 502 1620 872
 2540 1508 502 1620 872
 2541 1508 502 1620 872
 2542 1508 502 1620 872
 2543 1508 502 1620 872
 2544 1508 502 1620 872
 2545 1508 502 1620 872
 2546 1508 502 1620 872
 2547 1508 502 1620 872
 2548 1508 502 1620 872
 2549 1508 502 1620 872
 2550 1508 502 1620 872
 2551 1508 502 1620 872
 2552 1508 502 1620 872
 2553 1508 502 1620 872
 2554 1508 502 1620 872
 2555 1508 502 1620 872
 2556 1508 502 1620 872
 2557 1508 502 1620 872
 2558 1508 502 1620 872
 2559 1508 502 1620 872
 2560 1508 502 1620 872
 2561 1508 502 1620 872
 2562 1508 502 1620 872
 2563 1508 502 1620 872
 2564 1508 502 1620 872
 2565 1508 502 1620 872
 2566 1508 502 1620 872
 2567 1508 502 1620 872
 2568 1508 502 1620 872
 2569 1508 502 1620 872
 2570 1508 502 1620 872
 2571 1508 502 1620 872
 2572 1508 502 1620 872
 2573 1508 502 1620 872
 2574 1508 502 1620 872
 2575 1508 502 1620 872
 2576 1508 502 1620 872
 2577 1508 502 1620 872
 2578 1508 502 1620 872
 2579 1508 502 1620 872
 2580 1508 502 1620 872
 2581 1508 502 1620 872
 2582 1508 502 1620 872
 2583 1508 502 1620 872
 2584 1508 502 1620 872
 2585 1508 502 1620 872
 2586 1508 502 1620 872
 2587 1508 502 1620 872
 2588 1508 502 1620 872
 2589 1508 502 1620 872
 2590 1414 504 1520 850
 2591 1414 504 1520 850
 2592 1414 504 1520 850
 2593 1414 504 1520 850
 2594 1414 504 1520 850
 2595 1414 504 1520 850
 2596 1414 504 1520 850
 2597 1414 504 1520 850
 2598 1414 504 1520 850
 2599 1414 504 1520 850
 2600 1414 504 1520 850
 2601 1414 504 1520 850
 2602 1414 504 1520 850
 2603 1414 504 1520 850
 2604 1414 504 1520 850
 2605 1414 504 1520 850
 2606 1414 504 1520 850
 2607 1414 504 1520 850
 2608 1414 504 1520 850
 2609 1414 504 1520 850
 2610 1414 504 1520 850
 2611 1414 504 1520 850
 2612 1414 504 1520 850
 2613 1414 504 1520 850
 2614 1414 504 1520 850
 2615 1414 504 1520 850
 2616 1414 504 1520 850
 2617 1414 504 1520 850
 2618 1414 504 1520 850
 2619 1414 504 1520 850
 2620 1414 504 1520 850
 2621 1414 504 1520 850
 2622 1414 504 1520 850
 2623 1414 504 1520 850
 2624 1414 504 1520 850
 2625 1414 504 1520 850
 2626 1414 504 1520 850
 2627 1414 504 1520 850
 2628 1414 504 1520 850
 2629 1414 504 1520 850
 2630 1414 504 1520 850
 2631 1414 504 1520 850
 2632 1414 504 1520 850
 2633 1414 504 1520 850
 2634 1414 504 1520 850
 2635 1414 504 1520 850
 2636 1414 504 1520 850
 2637 1414 504 1520 850
 2638 1414 504 1520 850
 2639 1414 504 1520 850
 2640 1414 504 1520 850
 2641 1414 504 1520 850
 2642 1414 504 1520 850
 2643 1414 504 1520 850
 2644 1414 504 1520 850
 2645 1414 504 1520 850
 2646 1414 504 1520 850
 2647 1414 504 1520 850
 2648 1414 504 1520 850
 2649 1414 504 1520 850
 2650 1414 504 1520 850
 2651 1414 504 1520 850
 2652 1414 504 1520 850
 2653 1414 504 1520 850
 2654 1274 484 1422 832
 2655 1274 484 1422 832
 2656 1274 484 1422 832
 2657 1274 484 1422 832
 2658 1274 484 1422 832
 2659 1274 484 1422 832
 2660 1274 484 1422 832
 2661 1274 484 1422 832
 2662 1274 484 1422 832
 2663 1274 484 1422 832
 2664 1274 484 1422 832
 2665 1274 484 1422 832
 2666 1274 484 1422 832
 2667 1274 484 1422 832
 2668 1274 484 1422 832
 2669 1274 484 1422 832
 2670 1274 484 1422 832
 2671 1274 484 1422 832
 2672 1274 484 1422 832
 2673 1274 484 1422 832
 2674 1274 484 1422 832
 2675 1274 484 1422 832
 2676 1274 484 1422 832
 2677 1274 484 1422 832
 2678 1274 484 1422 832
 2679 1274 484 1422 832
 2680 1274 484 1422 832
 2681 1274 484 1422 832
 2682 1274 484 1422 832
 2683 1274 484 1422 832
 2684 1274 484 1422 832
 2685 1274 484 1422 832
 2686 1274 484 1422 832
 2687 1274 484 1422 832
 2688 1274 484 1422 832
 2689 1274 484 1422 832
 2690 1274 484 1422 832
 2691 1274 484 1422 832
 2692 1274 484 1422 832
 2693 1274 484 1422 832
 2694 1274 484 1422 832
 2695 1274 484 1422 832
 2696 1274 484 1422 832
 2697 1274 484 1422 832
 2698 1274 484 1422 832
 2699 1274 484 1422 832
 2700 1274 484 1422 832
 2701 1274 484 1422 832
 2702 1274 484 1422 832
 2703 1274 484 1422 832
 2704 1274 484 1422 832
 2705 1274 484 1422 832
 2706 1274 484 1422 832
 2707 1274 484 1422 832
 2708 1274 484 1422 832
 2709 1274 484 1422 832
 2710 1274 484 1422 832
 2711 1274 484 1422 832
 2712 1274 484 1422 832
 2713 1274 484 1422 832
 2714 1274 484 1422 832
 2715 1184 482 1272 830
 2716 1184 482 1272 830
 2717 1184 482 1272 830
 2718 1184 482 1272 830
 2719 1184 482 1272 830
 2720 1184 482 1272 830
 2721 1184 482 1272 830
 2722 1184 482 1272 830
 2723 1184 482 1272 830
 2724 1184 482 1272 830
 2725 1184 482 1272 830
 2726 1184 482 1272 830
 2727 1184 482 1272 830
 2728 1184 482 1272 830
 2729 1184 482 1272 830
 2730 1184 482 1272 830
 2731 1184 482 1272 830
 2732 1184 482 1272 830
 2733 1184 482 1272 830
 2734 1184 482 1272 830
 2735 1184 482 1272 830
 2736 1184 482 1272 830
 2737 1184 482 1272 830
 2738 1184 482 1272 830
 2739 1184 482 1272 830
 2740 1184 482 1272 830
 2741 1184 482 1272 830
 2742 1184 482 1272 830
 2743 1184 482 1272 830
 2744 1184 482 1272 830
 2745 1184 482 1272 830
 2746 1184 482 1272 830
 2747 1184 482 1272 830
 2748 1184 482 1272 830
 2749 1184 482 1272 830
 2750 1184 482 1272 830
 2751 1184 482 1272 830
 2752 1184 482 1272 830
 2753 1184 482 1272 830
 2754 1184 482 1272 830
 2755 1184 482 1272 830
 2756 1184 482 1272 830
 2757 1184 482 1272 830
 2758 1184 482 1272 830
 2759 1184 482 1272 830
 2760 1184 482 1272 830
 2761 1184 482 1272 830
 2762 1184 482 1272 830
 2763 1184 482 1272 830
 2764 1184 482 1272 830
 2765 1184 482 1272 830
 2766 1184 482 1272 830
 2767 1184 482 1272 830
 2768 1184 482 1272 830
 2769 1040 482 1176 808
 2770 1040 482 1176 808
 2771 1040 482 1176 808
 2772 1040 482 1176 808
 2773 1040 482 1176 808
 2774 1040 482 1176 808
 2775 1040 482 1176 808
 2776 1040 482 1176 808
 2777 1040 482 1176 808
 2778 1040 482 1176 808
 2779 1040 482 1176 808
 2780 1040 482 1176 808
 2781 1040 482 1176 808
 2782 1040 482 1176 808
 2783 1040 482 1176 808
 2784 1040 482 1176 808
 2785 1040 482 1176 808
 2786 1040 482 1176 808
 2787 1040 482 1176 808
 2788 1040 482 1176 808
 2789 1040 482 1176 808
 2790 1040 482 1176 808
 2791 1040 482 1176 808
 2792 1040 482 1176 808
 2793 1040 482 1176 808
 2794 1040 482 1176 808
 2795 1040 482 1176 808
 2796 1040 482 1176 808
 2797 1040 482 1176 808
 2798 1040 482 1176 808
 2799 1040 482 1176 808
 2800 1040 482 1176 808
 2801 1040 482 1176 808
 2802 1040 482 1176 808
 2803 1040 482 1176 808
 2804 1040 482 1176 808
 2805 1040 482 1176 808
 2806 1040 482 1176 808
 2807 1040 482 1176 808
 2808 1040 482 1176 808
 2809 1040 482 1176 808
 2810 1040 482 1176 808
 2811 1040 482 1176 808
 2812 1040 482 1176 808
 2813 1040 482 1176 808
 2814 1040 482 1176 808
 2815 1040 482 1176 808
 2816 1040 482 1176 808
 2817 1040 482 1176 808
 2818 1040 482 1176 808
 2819 1040 482 1176 808
 2820 1040 482 1176 808
 2821 1040 482 1176 808
 2822 1040 482 1176 808
 2823 1040 482 1176 808
 2824 1040 482 1176 808
 2825 1040 482 1176 808
 2826 1040 482 1176 808
 2827 936 490 1034 808
 2828 936 490 1034 808
 2829 936 490 1034 808
 2830 936 490 1034 808
 2831 936 490 1034 808
 2832 936 490 1034 808
 2833 936 490 1034 808
 2834 936 490 1034 808
 2835 936 490 1034 808
 2836 936 490 1034 808
 2837 936 490 1034 808
 2838 936 490 1034 808
 2839 936 490 1034 808
 2840 936 490 1034 808
 2841 936 490 1034 808
 2842 936 490 1034 808
 2843 936 490 1034 808
 2844 936 490 1034 808
 2845 936 490 1034 808
 2846 936 490 1034 808
 2847 936 490 1034 808
 2848 936 490 1034 808
 2849 936 490 1034 808
 2850 936 490 1034 808
 2851 936 490 1034 808
 2852 936 490 1034 808
 2853 936 490 1034 808
 2854 936 490 1034 808
 2855 936 490 1034 808
 2856 936 490 1034 808
 2857 936 490 1034 808
 2858 936 490 1034 808
 2859 936 490 1034 808
 2860 936 490 1034 808
 2861 936 490 1034 808
 2862 936 490 1034 808
 2863 936 490 1034 808
 2864 936 490 1034 808
 2865 936 490 1034 808
 2866 936 490 1034 808
 2867 936 490 1034 808
 2868 936 490 1034 808
 2869 936 490 1034 808
 2870 936 490 1034 808
 2871 936 490 1034 808
 2872 936 490 1034 808
 2873 936 490 1034 808
 2874 778 480 918 816
 2875 778 480 918 816
 2876 778 480 918 816
 2877 778 480 918 816
 2878 778 480 918 816
 2879 778 480 918 816
 2880 778 480 918 816
 2881 778 480 918 816
 2882 778 480 918 816
 2883 778 480 918 816
 2884 778 480 918 816
 2885 778 480 918 816
 2886 778 480 918 816
 2887 778 480 918 816
 2888 778 480 918 816
 2889 778 480 918 816
 2890 778 480 918 816
 2891 778 480 918 816
 2892 778 480 918 816
 2893 778 480 918 816
 2894 778 480 918 816
 2895 778 480 918 816
 2896 778 480 918 816
 2897 778 480 918 816
 2898 778 480 918 816
 2899 778 480 918 816
 2900 778 480 918 816
 2901 778 480 918 816
 2902 778 480 918 816
 2903 778 480 918 816
 2904 778 480 918 816
 2905 778 480 918 816
 2906 778 480 918 816
 2907 778 480 918 816
 2908 778 480 918 816
 2909 778 480 918 816
 2910 778 480 918 816
 2911 778 480 918 816
 2912 778 480 918 816
 2913 778 480 918 816
 2914 778 480 918 816
 2915 778 480 918 816
 2916 778 480 918 816
 2917 778 480 918 816
 2918 778 480 918 816
 2919 778 480 918 816
 2920 778 480 918 816
 2921 778 480 918 816
 2922 778 480 918 816
 2923 778 480 918 816
 2924 778 480 918 816
 2925 778 480 918 816
 2926 778 480 918 816
 2927 778 480 918 816
 2928 778 480 918 816
 2929 778 480 918 816
 2930 778 480 918 816
 2931 778 480 918 816
 2932 778 480 918 816
 2933 778 480 918 816
 2934 676 486 824 874
 2935 676 486 824 874
 2936 676 486 824 874
 2937 676 486 824 874
 2938 676 486 824 874
 2939 676 486 824 874
 2940 676 486 824 874
 2941 676 486 824 874
 2942 676 486 824 874
 2943 676 486 824 874
 2944 676 486 824 874
 2945 676 486 824 874
 2946 676 486 824 874
 2947 676 486 824 874
 2948 676 486 824 874
 2949 676 486 824 874
 2950 676 486 824 874
 2951 676 486 824 874
 2952 676 486 824 874
 2953 676 486 824 874
 2954 676 486 824 874
 2955 676 486 824 874
 2956 676 486 824 874
 2957 676 486 824 874
 2958 676 486 824 874
 2959 676 486 824 874
 2960 676 486 824 874
 2961 676 486 824 874
 2962 676 486 824 874
 2963 676 486 824 874
 2964 676 486 824 874
 2965 676 486 824 874
 2966 676 486 824 874
 2967 676 486 824 874
 2968 676 486 824 874
 2969 676 486 824 874
 2970 676 486 824 874
 2971 676 486 824 874
 2972 676 486 824 874
 2973 676 486 824 874
 2974 676 486 824 874
 2975 676 486 824 874
 2976 676 486 824 874
 2977 676 486 824 874
 2978 676 486 824 874
 2979 676 486 824 874
 2980 676 486 824 874
 2981 676 486 824 874
 2982 676 486 824 874
 2983 676 486 824 874
 2984 676 486 824 874
 2985 676 486 824 874
 2986 676 486 824 874
 2987 676 486 824 874
 2988 676 486 824 874
 2989 676 486 824 874
 2990 676 486 824 874
 2991 676 486 824 874
 2992 676 486 824 874
 2993 676 486 824 874
 2994 676 486 824 874
 2995 676 486 824 874
 2996 676 486 824 874
 2997 676 486 824 874
 2998 676 486 824 874
 2999 676 486 824 874
 3000 676 486 824 874
 3001 676 486 824 874
 3002 676 486 824 874
 3003 676 486 824 874
 3004 676 486 824 874
 3005 676 486 824 874
 3006 676 486 824 874
 3007 676 486 824 874
 3008 676 486 824 874
 3009 676 486 824 874
 3010 676 486 824 874
 3011 676 486 824 874
 3012 676 486 824 874
 3013 676 486 824 874
 3014 676 486 824 874
 3015 676 486 824 874
 3016 676 486 824 874
 3017 676 486 824 874
 3018 676 486 824 874
 3019 676 486 824 874
 3020 676 486 824 874
 3021 676 486 824 874
 3022 676 486 824 874
 3023 676 486 824 874
 3024 676 486 824 874
 3025 676 486 824 874
 3026 676 486 824 874
 3027 676 486 824 874
 3028 676 486 824 874
 3029 676 486 824 874
 3030 676 486 824 874
 3031 676 486 824 874
 3032 676 486 824 874
 3033 676 486 824 874
 3034 676 486 824 874
 3035 676 486 824 874
 3036 676 486 824 874
 3037 676 486 824 874
 3038 676 486 824 874
 3039 676 486 824 874
 3040 676 486 824 874
 3041 676 486 824 874
 3042 676 486 824 874
 3043 676 486 824 874
 3044 676 486 824 874
 3045 676 486 824 874
 3046 676 486 824 874
 3047 676 486 824 874
 3048 676 486 824 874
 3049 676 486 824 874
 3050 676 486 824 874
 3051 676 486 824 874
 3052 676 486 824 874
 3053 676 486 824 874
 3054 676 486 824 874
 3055 676 486 824 874
 3056 676 486 824 874
 3057 676 486 824 874
 3058 676 486 824 874
 3059 676 486 824 874
 3060 676 486 824 874
 3061 676 486 824 874
 3062 676 486 824 874
 3063 676 486 824 874
 3064 676 486 824 874
 3065 676 486 824 874
 3066 676 486 824 874
 3067 676 486 824 874
 3068 676 486 824 874
 3069 676 486 824 874
 3070 676 486 824 874
 3071 676 486 824 874
 3072 676 486 824 874
 3073 676 486 824 874
 3074 676 486 824 874
 3075 676 486 824 874
 3076 676 486 824 874
 3077 676 486 824 874
 3078 676 486 824 874
 3079 676 486 824 874
 3080 676 486 824 874
 3081 676 486 824 874
 3082 676 486 824 874
 3083 676 486 824 874
 3084 676 486 824 874
 3085 676 486 824 874
 3086 676 486 824 874
 3087 676 486 824 874
 3088 676 486 824 874
 3089 676 486 824 874
 3090 676 486 824 874
 3091 676 486 824 874
 3092 676 486 824 874
 3093 676 486 824 874
 3094 676 486 824 874
 3095 676 486 824 874
 3096 676 486 824 874
 3097 676 486 824 874
 3098 676 486 824 874
 3099 676 486 824 874
 3100 676 486 824 874
 3101 676 486 824 874
 3102 676 486 824 874
 3103 676 486 824 874
 3104 676 486 824 874
 3105 676 486 824 874
 3106 676 486 824 874
 3107 676 486 824 874
 3108 676 486 824 874
 3109 676 486 824 874
 3110 676 486 824 874
 3111 676 486 824 874
 3112 676 486 824 874
 3113 676 486 824 874
 3114 676 486 824 874
 3115 676 486 824 874
 3116 676 486 824 874
 3117 676 486 824 874
 3118 676 486 824 874
 3119 676 486 824 874
 3120 676 486 824 874
 3121 676 486 824 874
 3122 676 486 824 874
 3123 676 486 824 874
 3124 676 486 824 874
 3125 676 486 824 874
 3126 676 486 824 874
 3127 676 486 824 874
 3128 676 486 824 874
 3129 676 486 824 874
 3130 676 486 824 874
 3131 676 486 824 874
 3132 676 486 824 874
 3133 676 486 824 874
 3134 676 486 824 874
 3135 676 486 824 874
 3136 676 486 824 874
 3137 676 486 824 874
 3138 676 486 824 874
 3139 676 486 824 874
 3140 676 486 824 874
