1 1268 224 1390 566
2 1268 224 1390 566
3 1268 224 1390 566
4 1268 224 1390 566
5 1268 224 1390 566
6 1268 224 1390 566
7 1268 224 1390 566
8 1268 224 1390 566
9 1268 224 1390 566
10 1268 224 1390 566
11 1268 224 1390 566
12 1268 224 1390 566
13 1268 224 1390 566
14 1268 224 1390 566
15 1268 224 1390 566
16 1268 224 1390 566
17 1268 224 1390 566
18 1268 224 1390 566
19 1268 224 1390 566
20 1268 224 1390 566
21 1268 224 1390 566
22 1268 224 1390 566
23 1268 224 1390 566
24 1268 224 1390 566
25 1268 224 1390 566
26 1268 224 1390 566
27 1268 224 1390 566
28 1268 224 1390 566
29 1268 224 1390 566
30 1268 224 1390 566
31 1268 224 1390 566
32 1268 224 1390 566
33 1268 224 1390 566
34 1268 224 1390 566
35 1268 224 1390 566
36 1268 224 1390 566
37 1268 224 1390 566
38 1268 224 1390 566
39 1268 224 1390 566
40 1268 224 1390 566
41 1268 224 1390 566
42 1268 224 1390 566
43 1268 224 1390 566
44 1268 224 1390 566
45 1268 224 1390 566
46 1268 224 1390 566
47 1268 224 1390 566
48 1268 224 1390 566
49 1268 224 1390 566
50 1268 224 1390 566
51 1268 224 1390 566
52 1268 224 1390 566
53 1268 224 1390 566
54 1268 224 1390 566
55 1268 224 1390 566
56 1268 224 1390 566
57 1268 224 1390 566
58 1268 224 1390 566
59 1268 224 1390 566
60 1268 224 1390 566
61 1268 224 1390 566
62 1268 224 1390 566
63 1268 224 1390 566
64 1268 224 1390 566
65 1268 224 1390 566
66 1268 224 1390 566
67 1268 224 1390 566
68 1268 224 1390 566
69 1268 224 1390 566
70 1268 224 1390 566
71 1268 224 1390 566
72 1268 224 1390 566
73 1268 224 1390 566
74 1268 224 1390 566
75 1268 224 1390 566
76 1268 224 1390 566
77 1268 224 1390 566
78 1268 224 1390 566
79 1268 224 1390 566
80 1268 224 1390 566
81 1268 224 1390 566
82 1268 224 1390 566
83 1268 224 1390 566
84 1268 224 1390 566
85 1268 224 1390 566
86 1268 224 1390 566
87 1268 224 1390 566
88 1268 224 1390 566
89 1268 224 1390 566
90 1268 224 1390 566
91 1268 224 1390 566
92 1268 224 1390 566
93 1268 224 1390 566
94 1268 224 1390 566
95 1268 224 1390 566
96 1268 224 1390 566
97 1268 224 1390 566
98 1268 224 1390 566
99 1268 224 1390 566
100 1268 224 1390 566
101 1268 224 1390 566
102 1268 224 1390 566
103 1268 224 1390 566
104 1268 224 1390 566
105 1268 224 1390 566
106 1268 224 1390 566
107 1268 224 1390 566
108 1268 224 1390 566
109 1268 224 1390 566
110 1268 224 1390 566
111 1268 224 1390 566
112 1268 224 1390 566
113 1268 224 1390 566
114 1268 224 1390 566
115 1268 224 1390 566
116 1268 224 1390 566
117 1268 224 1390 566
118 1268 224 1390 566
119 1268 224 1390 566
120 1268 224 1390 566
121 1268 224 1390 566
122 1268 224 1390 566
123 1268 224 1390 566
124 1268 224 1390 566
125 1268 224 1390 566
126 1268 224 1390 566
127 1268 224 1390 566
128 1268 224 1390 566
129 1268 224 1390 566
130 1268 224 1390 566
131 1268 224 1390 566
132 1268 224 1390 566
133 1268 224 1390 566
134 1268 224 1390 566
135 1268 224 1390 566
136 1268 224 1390 566
137 1268 224 1390 566
138 1268 224 1390 566
139 1268 224 1390 566
140 1268 224 1390 566
141 1268 224 1390 566
142 1268 224 1390 566
143 1268 224 1390 566
144 1268 224 1390 566
145 1268 224 1390 566
146 1268 224 1390 566
147 1268 224 1390 566
148 1268 224 1390 566
149 1268 224 1390 566
150 1268 224 1390 566
151 1268 224 1390 566
152 1268 224 1390 566
153 1268 224 1390 566
154 1268 224 1390 566
155 1268 224 1390 566
156 1268 224 1390 566
157 1268 224 1390 566
158 1268 224 1390 566
159 1268 224 1390 566
160 1268 224 1390 566
161 1268 224 1390 566
162 1268 224 1390 566
163 1268 224 1390 566
164 1268 224 1390 566
165 1268 224 1390 566
166 1268 224 1390 566
167 1268 224 1390 566
168 1268 224 1390 566
169 1268 224 1390 566
170 1268 224 1390 566
171 1268 224 1390 566
172 1268 224 1390 566
173 1268 224 1390 566
174 1268 224 1390 566
175 1268 224 1390 566
176 1268 224 1390 566
177 1268 224 1390 566
178 1268 224 1390 566
179 1268 224 1390 566
180 1268 224 1390 566
181 1268 224 1390 566
182 1268 224 1390 566
183 1268 224 1390 566
184 1268 224 1390 566
185 1268 224 1390 566
186 1268 224 1390 566
187 1268 224 1390 566
188 1268 224 1390 566
189 1268 224 1390 566
190 1268 224 1390 566
191 1268 224 1390 566
192 1268 224 1390 566
193 1268 224 1390 566
194 1268 224 1390 566
195 1268 224 1390 566
196 1268 224 1390 566
197 1268 224 1390 566
198 1268 224 1390 566
199 1268 224 1390 566
200 1268 224 1390 566
201 1268 224 1390 566
202 1268 224 1390 566
203 1268 224 1390 566
204 1268 224 1390 566
205 1268 224 1390 566
206 1268 224 1390 566
207 1268 224 1390 566
208 1268 224 1390 566
209 1268 224 1390 566
210 1268 224 1390 566
211 1270 228 1390 560
212 1270 228 1390 560
213 1270 228 1390 560
214 1270 228 1390 560
215 1270 228 1390 560
216 1270 228 1390 560
217 1266 228 1390 562
218 1266 228 1390 562
219 1266 228 1390 562
220 1266 228 1390 562
221 1266 228 1390 562
222 1266 228 1390 562
223 1266 228 1390 562
224 1266 228 1390 562
225 1264 228 1384 562
226 1262 230 1386 560
227 1264 226 1386 564
228 1256 230 1384 564
229 1256 228 1374 568
230 1252 226 1372 564
231 1246 226 1372 562
232 1234 226 1364 562
233 1224 230 1364 564
234 1216 226 1362 562
235 1216 226 1362 562
236 1216 226 1362 562
237 1238 228 1344 560
238 1238 228 1344 560
239 1228 226 1342 562
240 1228 226 1342 562
241 1224 226 1330 558
242 1224 226 1330 558
243 1212 224 1316 556
244 1212 224 1316 556
245 1202 218 1308 562
246 1202 218 1308 562
247 1198 218 1292 564
248 1198 218 1292 564
249 1186 216 1286 568
250 1186 216 1286 568
251 1180 218 1274 574
252 1180 218 1274 574
253 1168 222 1266 580
254 1168 222 1266 580
255 1154 224 1260 576
256 1154 224 1260 576
257 1154 224 1260 576
258 1142 224 1248 566
259 1142 224 1248 566
260 1134 228 1230 570
261 1134 228 1230 570
262 1120 226 1220 576
263 1120 226 1220 576
264 1120 226 1220 576
265 1104 222 1202 574
266 1104 222 1202 574
267 1104 222 1202 574
268 1104 222 1202 574
269 1084 216 1182 582
270 1084 216 1182 582
271 1084 216 1182 582
272 1068 222 1168 576
273 1068 222 1168 576
274 1068 222 1168 576
275 1044 224 1148 578
276 1044 224 1148 578
277 1044 224 1148 578
278 1036 220 1134 578
279 1036 220 1134 578
280 1016 220 1110 570
281 1016 220 1110 570
282 1016 220 1110 570
283 1006 222 1084 562
284 1006 222 1084 562
285 996 220 1078 568
286 996 220 1078 568
287 974 214 1068 578
288 974 214 1068 578
289 974 214 1068 578
290 950 212 1046 576
291 950 212 1046 576
292 950 212 1046 576
293 936 220 1030 576
294 936 220 1030 576
295 936 220 1030 576
296 916 222 1010 568
297 916 222 1010 568
298 916 222 1010 568
299 894 220 994 572
300 894 220 994 572
301 872 220 998 568
302 872 220 998 568
303 864 224 984 572
304 864 224 984 572
305 864 224 984 572
306 850 224 950 574
307 850 224 950 574
308 828 226 934 574
309 828 226 934 574
310 812 226 922 572
311 812 226 922 572
312 800 226 906 568
313 800 226 906 568
314 786 226 902 568
315 786 226 902 568
316 778 226 888 568
317 778 226 888 568
318 760 226 886 568
319 754 220 870 560
320 752 218 870 560
321 744 222 854 566
322 738 216 848 562
323 726 226 834 558
324 720 224 828 564
325 720 224 828 564
326 718 222 822 564
327 718 222 822 564
328 688 224 818 558
329 678 224 818 558
330 664 222 810 560
331 674 230 792 556
332 656 226 792 564
333 656 226 792 564
334 652 224 780 558
335 650 226 758 564
336 636 224 758 562
337 630 224 750 566
338 628 224 750 556
339 624 230 734 564
340 618 226 722 562
341 618 226 722 562
342 602 226 706 560
343 598 228 704 560
344 598 228 704 560
345 582 228 696 562
346 582 228 696 562
347 566 234 692 564
348 566 234 692 564
349 552 230 664 556
350 548 232 666 556
351 550 236 660 552
352 546 232 656 562
353 536 228 640 556
354 530 232 636 554
355 522 226 638 554
356 512 230 626 556
357 512 230 626 556
358 506 234 608 564
359 506 234 608 564
360 494 234 602 556
361 478 238 598 558
362 470 234 582 556
363 456 234 600 550
364 456 234 600 550
365 456 234 600 550
366 444 238 576 554
367 444 238 576 554
368 444 238 576 554
369 436 236 540 558
370 436 232 542 560
371 430 238 520 554
372 430 238 520 554
373 416 238 512 554
374 416 238 512 554
375 402 238 504 558
376 402 238 504 558
377 402 238 504 558
378 390 242 496 554
379 390 242 496 554
380 370 244 482 552
381 370 244 482 552
382 366 250 464 546
383 366 250 464 546
384 348 252 476 552
385 348 252 476 552
386 348 252 476 552
387 344 246 432 546
388 344 246 432 546
389 344 246 432 546
390 320 244 426 558
391 320 244 426 558
392 320 244 426 558
393 308 248 408 560
394 308 248 408 560
395 308 248 408 560
396 288 252 394 548
397 288 252 394 548
398 288 252 394 548
399 268 252 398 552
400 268 252 398 552
401 262 258 380 552
402 262 258 380 552
403 262 258 380 552
404 246 260 350 548
405 246 260 350 548
406 246 260 350 548
407 230 254 328 554
408 230 254 328 554
409 230 254 328 554
410 224 258 320 554
411 224 258 320 554
412 224 258 320 554
413 210 260 328 554
414 210 260 328 554
415 210 260 328 554
416 198 262 312 552
417 198 262 312 552
418 198 262 312 552
419 184 258 288 546
420 184 258 288 546
421 184 258 288 546
422 180 264 262 550
423 180 264 262 550
424 180 264 262 550
425 166 268 258 548
426 166 268 258 548
427 166 268 258 548
428 150 266 256 544
429 150 266 256 544
430 150 266 256 544
431 142 274 256 550
432 142 274 256 550
433 142 274 256 550
434 136 270 244 550
435 136 270 244 550
436 116 270 216 552
437 116 266 226 548
438 110 270 212 552
439 108 268 210 548
440 108 272 198 550
441 108 272 198 550
442 108 272 198 550
443  96 272 192 548
444  96 272 192 548
445  96 272 192 548
446  92 274 184 548
447  92 274 184 548
448  92 274 184 548
449  82 272 182 550
450  82 272 182 550
451  82 272 182 550
452  74 272 160 540
453  66 276 158 542
454  68 274 152 542
455  60 278 160 540
456  58 274 146 542
457  56 276 150 548
458  60 278 140 548
459  62 278 136 550
460  60 276 142 548
461  60 276 142 548
462  60 276 142 548
463  46 280 136 546
464  46 280 136 546
465  46 280 136 546
466  42 278 132 546
467  42 278 132 546
468  42 278 132 546
469  42 278 132 546
470  34 280 126 548
471  28 282 102 548
472  24 284 106 548
473  20 284 104 546
474  18 282 102 548
475  20 280 116 552
476  14 280  96 548
477  18 280 102 552
478  18 280 102 552
479  18 280 102 552
480  18 280 102 552
481  10 280  88 550
482  10 280  88 550
483  10 280  88 550
484  10 280  88 550
485  10 280  88 550
486  10 280  88 550
487   6 282  68 552
488   2 286  68 548
489   2 286  68 548
490  -2 294  70 550
491  -2 290  70 550
492   0 290  70 546
493  -4 298  70 548
494  -2 294  74 552
495   0 292  60 546
496  -2 290  70 548
497  -2 292  68 548
498  -6 292  66 550
499  -4 296  64 546
500 -10 296  64 552
501  -2 296  64 552
502  -2 296  64 552
503  -2 296  64 552
504  -2 296  64 552
505  -2 296  64 552
506  -2 296  64 552
507  -2 296  64 552
508  -2 296  64 552
509  -2 296  64 552
510  -2 296  64 552
511  -2 296  64 552
512  -2 296  64 552
513  -2 296  64 552
514  -2 296  64 552
515  -8 302  60 554
516  -8 302  60 554
517  -8 302  60 554
518  -8 302  60 554
519  -8 302  60 554
520  -8 302  60 554
521  -8 302  60 554
522  -8 302  60 554
523  -8 302  60 554
524  -8 302  60 554
525  -8 302  60 554
526  -8 302  60 554
527  -8 302  60 554
528  -8 302  60 554
529  -8 302  62 574
530  -8 302  62 574
531  -8 302  62 574
532  -8 302  62 574
533  -8 302  62 574
534  -8 302  62 574
535  -8 302  62 574
536  -8 302  62 574
537 -10 312  48 586
538 -10 312  48 586
539 -10 312  48 586
540 -10 312  48 586
541 -10 312  48 586
542 -10 310  50 586
543 -10 310  50 586
544 -10 310  50 586
545 -10 310  50 586
546 -10 310  50 586
547 -10 310  50 586
548 -10 310  50 586
549 -10 310  50 586
550 -10 310  50 586
551 -10 310  50 586
552 -10 310  50 586
553 -10 310  50 586
554 -10 310  50 586
555  -6 310  62 596
556  -6 310  62 596
557  -6 310  62 596
558 -26 308  80 594
559 -26 308  80 594
560 -26 308  80 594
561  -4 308  86 596
562  -4 308  86 596
563  -4 308  86 596
564  -4 306  94 594
565  -4 306  94 594
566  -4 306  94 594
567  -4 306  94 594
568  -2 310  94 610
569  -2 310  94 610
570  -2 310  94 610
571  -2 310  94 610
572  -2 310  94 610
573  -2 310  94 610
574  -2 310  94 610
575  -2 310  94 610
576  -2 310  94 610
577  -2 310  94 610
578  -2 310  94 610
579  -2 310  94 610
580  -2 308  98 614
581  -2 308  98 614
582  -2 308  98 614
583  -2 308  98 614
584  -2 308  98 614
585  -4 308 102 616
586  -4 308 102 616
587   6 308 108 616
588   6 308 108 616
589   6 308 108 616
590   6 308 108 616
591   2 308 124 620
592   2 308 124 620
593   2 308 124 620
594   2 308 124 620
595   2 308 124 620
596   2 308 124 620
597   2 308 124 620
598  16 294 142 636
599  16 294 142 636
600  16 294 142 636
601  16 294 142 636
602  16 294 142 636
603  16 294 142 636
604  16 294 142 636
605  16 294 142 636
606  16 294 142 636
607  16 294 142 636
608  16 294 142 636
609  16 294 142 636
610  24 302 150 646
611  24 302 150 646
612  24 302 150 646
613  24 302 150 646
614  24 302 150 646
615  24 302 150 646
616  22 298 160 672
617  22 298 160 672
618  22 298 160 672
619  22 298 160 672
620  22 298 160 672
621  22 298 160 672
622  22 298 160 672
623  22 298 160 672
624  22 298 160 672
625  22 298 160 672
626  22 298 160 672
627  30 304 174 666
628  30 304 174 666
629  30 304 174 666
630  30 304 174 666
631  34 304 182 674
632  34 304 182 674
633  34 304 182 674
634  34 304 182 674
635  34 304 182 674
636  34 304 182 674
637  42 308 192 686
638  42 308 192 686
639  42 308 192 686
640  42 308 192 686
641  42 308 192 686
642  42 308 192 686
643  42 308 192 686
644  42 308 192 686
645  42 308 192 686
646  42 308 192 686
647  42 308 192 686
648  42 308 192 686
649  42 308 192 686
650  42 308 192 686
651  54 308 204 708
652  54 308 204 708
653  54 308 204 708
654  54 308 204 708
655  54 308 204 708
656  54 308 204 708
657  54 308 204 708
658  66 314 218 722
659  66 314 218 722
660  66 314 218 722
661  66 314 218 722
662  66 314 218 722
663  66 314 218 722
664  66 314 218 722
665  66 314 218 722
666  66 314 218 722
667  66 314 218 722
668  66 314 218 722
669  66 314 218 722
670  66 314 218 722
671  74 316 220 722
672  74 316 220 722
673  74 316 220 722
674  82 320 252 728
675  82 320 252 728
676  82 320 252 728
677  90 314 234 728
678  90 314 234 728
679 106 322 240 732
680 106 322 240 732
681 106 322 240 732
682 110 312 278 744
683 110 312 278 744
684 110 312 278 744
685 110 312 278 744
686 110 312 278 744
687 120 314 282 740
688 120 314 282 740
689 122 306 296 754
690 122 306 296 754
691 122 306 296 754
692 122 306 296 754
693 134 312 310 770
694 134 312 310 770
695 134 312 310 770
696 134 312 310 770
697 136 310 312 776
698 136 310 312 776
699 136 310 312 776
700 136 310 312 776
701 136 310 312 776
702 136 310 312 776
703 160 312 334 784
704 160 312 334 784
705 160 312 334 784
706 160 312 334 784
707 180 310 340 786
708 180 310 340 786
709 180 310 340 786
710 194 312 366 782
711 194 312 366 782
712 208 314 396 778
713 208 314 396 778
714 208 314 396 778
715 214 310 378 778
716 214 310 378 778
717 214 310 378 778
718 214 310 378 778
719 244 316 368 776
720 244 316 368 776
721 258 306 394 766
722 258 306 394 766
723 274 306 424 772
724 274 306 424 772
725 274 306 424 772
726 288 302 450 776
727 288 302 450 776
728 288 302 450 776
729 288 302 450 776
730 288 302 450 776
731 318 298 464 796
732 318 298 464 796
733 318 298 464 796
734 328 300 482 794
735 328 300 482 794
736 328 300 482 794
737 348 302 506 786
738 348 302 506 786
739 348 302 506 786
740 348 302 506 786
741 374 304 498 802
742 374 304 498 802
743 376 302 508 764
744 392 298 518 766
745 392 298 518 766
746 400 296 540 774
747 400 296 540 774
748 412 300 568 796
749 412 300 568 796
750 424 296 580 800
751 424 296 580 800
752 432 294 594 800
753 446 292 614 798
754 446 292 614 798
755 460 288 644 798
756 460 288 644 798
757 460 288 644 798
758 460 288 644 798
759 482 292 628 800
760 482 292 628 800
761 482 292 628 800
762 498 292 656 794
763 498 292 656 794
764 498 292 656 794
765 514 284 670 790
766 514 284 670 790
767 528 284 684 794
768 528 284 684 794
769 528 284 684 794
770 550 282 704 794
771 550 282 704 794
772 550 282 704 794
773 572 280 718 786
774 580 276 746 788
775 580 276 746 788
776 580 276 746 788
777 586 278 790 772
778 586 278 790 772
779 586 278 790 772
780 612 276 748 768
781 612 276 748 768
782 624 280 794 772
783 624 280 794 772
784 624 280 794 772
785 648 282 802 772
786 648 282 802 772
787 648 282 802 772
788 648 282 802 772
789 648 282 802 772
790 676 280 816 776
791 676 280 816 776
792 676 280 816 776
793 684 274 836 768
794 684 274 836 768
795 684 274 836 768
796 706 276 854 772
797 706 276 854 772
798 716 270 856 778
799 716 270 856 778
800 716 270 856 778
801 716 270 856 778
802 730 270 902 772
803 730 270 902 772
804 730 270 902 772
805 730 270 902 772
806 744 268 922 770
807 744 268 922 770
808 744 268 922 770
809 744 268 922 770
810 762 266 920 772
811 762 266 920 772
812 762 266 920 772
813 762 266 920 772
814 774 270 928 768
815 774 270 928 768
816 774 270 928 768
817 774 270 928 768
818 788 270 922 766
819 788 270 922 766
820 788 270 922 766
821 812 266 930 760
822 812 266 930 760
823 812 266 930 760
824 812 266 930 760
825 812 266 930 760
826 818 264 982 754
827 818 264 982 754
828 818 264 982 754
829 836 268 964 746
830 836 268 964 746
831 836 268 964 746
832 844 270 986 748
833 844 270 986 748
834 844 270 986 748
835 854 254 1002 748
836 854 254 1002 748
837 854 254 1002 748
838 854 254 1002 748
839 862 256 1028 752
840 862 256 1028 752
841 862 256 1028 752
842 894 256 1036 754
843 894 256 1036 754
844 894 256 1036 754
845 910 256 1052 750
846 910 256 1052 750
847 910 256 1052 750
848 924 260 1086 748
849 924 260 1086 748
850 924 260 1086 748
851 944 260 1106 748
852 944 260 1106 748
853 944 260 1106 748
854 944 262 1136 748
855 944 262 1136 748
856 944 262 1136 748
857 944 262 1136 748
858 958 258 1150 742
859 958 258 1150 742
860 958 258 1150 742
861 958 258 1150 742
862 996 262 1152 736
863 996 262 1152 736
864 996 262 1152 736
865 1030 258 1172 744
866 1030 258 1172 744
867 1030 258 1172 744
868 1058 256 1196 728
869 1058 256 1196 728
870 1058 256 1196 728
871 1058 256 1196 728
872 1064 256 1256 718
873 1064 256 1256 718
874 1064 256 1256 718
875 1080 254 1264 718
876 1080 254 1264 718
877 1080 254 1264 718
878 1090 262 1272 718
879 1090 262 1272 718
880 1090 262 1272 718
881 1118 260 1278 726
882 1118 260 1278 726
883 1118 260 1278 726
884 1140 258 1302 724
885 1140 258 1302 724
886 1140 258 1302 724
887 1170 256 1310 720
888 1170 256 1310 720
889 1170 256 1310 720
890 1186 260 1332 722
891 1186 260 1332 722
892 1186 260 1332 722
893 1208 264 1356 720
894 1208 264 1356 720
895 1208 264 1356 720
896 1224 266 1360 718
897 1224 266 1360 718
898 1224 266 1360 718
899 1226 266 1380 708
900 1226 266 1380 708
901 1226 266 1380 708
902 1248 260 1394 716
903 1248 260 1394 716
904 1248 260 1394 716
905 1268 262 1396 712
906 1268 262 1396 712
907 1268 262 1396 712
908 1290 262 1400 712
909 1290 262 1400 712
910 1290 262 1400 712
911 1306 262 1418 724
912 1306 262 1418 724
913 1306 262 1418 724
914 1306 262 1418 724
915 1318 260 1446 734
916 1318 260 1446 734
917 1318 260 1446 734
918 1322 270 1462 736
919 1322 270 1462 736
920 1322 270 1462 736
921 1322 270 1462 736
922 1332 270 1466 742
923 1332 270 1466 742
924 1332 270 1466 742
925 1332 270 1466 742
926 1336 266 1482 742
927 1336 266 1482 742
928 1336 266 1482 742
929 1336 266 1482 742
930 1368 272 1494 746
931 1368 272 1494 746
932 1368 272 1494 746
933 1368 272 1494 746
934 1384 270 1498 746
935 1384 270 1498 746
936 1384 270 1498 746
937 1384 270 1498 746
938 1384 270 1498 746
939 1400 272 1510 746
940 1400 272 1510 746
941 1400 272 1510 746
942 1400 272 1510 746
943 1400 272 1510 746
944 1398 276 1532 746
945 1398 276 1532 746
946 1398 276 1532 746
947 1398 276 1532 746
948 1412 274 1556 738
949 1412 274 1556 738
950 1412 274 1556 738
951 1412 274 1556 738
952 1418 274 1574 742
953 1418 274 1574 742
954 1418 274 1574 742
955 1418 274 1574 742
956 1430 274 1586 744
957 1430 274 1586 744
958 1430 274 1586 744
959 1430 274 1586 744
960 1430 274 1586 744
961 1472 270 1594 726
962 1472 270 1594 726
963 1472 270 1594 726
964 1472 270 1594 726
965 1486 270 1624 726
966 1486 270 1624 726
967 1486 270 1624 726
968 1486 270 1624 726
969 1504 270 1622 732
970 1504 270 1622 732
971 1504 270 1622 732
972 1516 272 1628 744
973 1516 272 1628 744
974 1516 272 1628 744
975 1516 272 1628 744
976 1526 276 1658 730
977 1526 276 1658 730
978 1526 276 1658 730
979 1530 280 1676 724
980 1530 280 1676 724
981 1530 280 1676 724
982 1530 280 1676 724
983 1556 288 1684 732
984 1556 288 1684 732
985 1556 288 1684 732
986 1576 280 1690 734
987 1576 280 1690 734
988 1576 280 1690 734
989 1588 280 1704 736
990 1588 280 1704 736
991 1588 280 1704 736
992 1588 280 1704 736
993 1608 282 1718 728
994 1608 282 1718 728
995 1608 282 1718 728
996 1612 286 1750 732
997 1612 286 1750 732
998 1612 286 1750 732
999 1612 286 1750 732
1000 1612 286 1750 732
1001 1612 286 1750 732
1002 1612 286 1750 732
1003 1612 286 1750 732
1004 1612 286 1750 732
1005 1612 286 1750 732
1006 1612 286 1750 732
1007 1612 286 1750 732
1008 1612 286 1750 732
1009 1612 286 1750 732
1010 1612 286 1750 732
1011 1612 286 1750 732
1012 1612 286 1750 732
1013 1612 286 1750 732
1014 1612 286 1750 732
1015 1612 286 1750 732
1016 1612 286 1750 732
1017 1612 286 1750 732
1018 1612 286 1750 732
1019 1612 286 1750 732
1020 1612 286 1750 732
1021 1620 276 1758 692
1022 1620 276 1758 692
1023 1620 276 1758 692
1024 1620 276 1758 692
1025 1620 276 1758 692
1026 1620 276 1758 692
1027 1602 274 1752 694
1028 1602 274 1752 694
1029 1602 274 1752 694
1030 1602 274 1752 694
1031 1602 274 1752 694
1032 1602 274 1752 694
1033 1602 274 1752 694
1034 1602 274 1752 694
1035 1588 270 1728 680
1036 1588 270 1728 680
1037 1588 270 1728 680
1038 1588 270 1728 680
1039 1582 266 1700 646
1040 1570 264 1702 642
1041 1570 264 1702 642
1042 1570 264 1702 642
1043 1560 264 1682 634
1044 1560 264 1682 634
1045 1536 260 1684 638
1046 1536 260 1684 638
1047 1536 260 1684 638
1048 1542 258 1668 634
1049 1542 258 1668 634
1050 1542 258 1668 634
1051 1536 258 1634 630
1052 1536 258 1634 630
1053 1536 258 1634 630
1054 1522 250 1628 622
1055 1522 250 1628 622
1056 1522 250 1628 622
1057 1506 242 1612 614
1058 1506 242 1612 614
1059 1506 242 1612 614
1060 1488 242 1594 602
1061 1488 242 1594 602
1062 1488 242 1594 602
1063 1472 244 1584 600
1064 1472 244 1584 600
1065 1472 244 1584 600
1066 1464 240 1582 602
1067 1464 240 1582 602
1068 1464 240 1582 602
1069 1460 240 1564 596
1070 1460 240 1564 596
1071 1460 240 1564 596
1072 1448 240 1556 596
1073 1448 240 1556 596
1074 1448 240 1556 596
1075 1436 232 1532 590
1076 1436 232 1532 590
1077 1436 232 1532 590
1078 1430 234 1522 580
1079 1430 234 1522 580
1080 1430 234 1522 580
1081 1418 234 1510 566
1082 1418 234 1510 566
1083 1418 234 1510 566
1084 1388 232 1504 564
1085 1388 232 1504 564
1086 1388 232 1504 564
1087 1390 230 1494 564
1088 1390 230 1494 564
1089 1390 230 1494 564
1090 1374 230 1490 560
1091 1374 230 1490 560
1092 1374 230 1490 560
1093 1376 226 1464 562
1094 1376 226 1464 562
1095 1376 226 1464 562
1096 1370 226 1460 564
1097 1370 226 1460 564
1098 1370 226 1460 564
1099 1356 228 1456 564
1100 1356 228 1456 564
1101 1356 228 1456 564
1102 1336 226 1450 556
1103 1336 226 1450 556
1104 1336 226 1450 556
1105 1336 226 1450 556
1106 1336 226 1450 556
1107 1336 226 1450 556
1108 1326 228 1436 566
1109 1326 228 1436 566
1110 1326 228 1436 566
1111 1326 228 1436 566
1112 1314 224 1436 560
1113 1314 224 1436 560
1114 1314 224 1436 560
1115 1314 224 1436 560
1116 1314 224 1436 560
1117 1314 224 1436 560
1118 1314 224 1436 560
1119 1314 224 1436 560
1120 1314 224 1436 560
1121 1314 224 1436 560
1122 1314 224 1436 560
1123 1314 224 1436 560
1124 1314 224 1436 560
1125 1314 224 1436 560
1126 1314 224 1436 560
1127 1314 224 1436 560
1128 1314 224 1436 560
1129 1314 224 1436 560
1130 1314 224 1436 560
1131 1314 224 1436 560
1132 1314 224 1436 560
1133 1314 224 1436 560
1134 1314 224 1436 560
1135 1314 224 1436 560
1136 1314 224 1436 560
1137 1314 224 1436 560
1138 1314 224 1436 560
1139 1314 224 1436 560
1140 1314 224 1436 560
1141 1302 220 1422 560
1142 1302 220 1422 560
1143 1302 220 1422 560
1144 1302 220 1422 560
1145 1302 220 1422 560
1146 1302 220 1422 560
1147 1302 220 1422 560
1148 1302 220 1422 560
1149 1302 220 1422 560
1150 1302 220 1422 560
1151 1302 220 1422 560
1152 1302 220 1422 560
1153 1302 220 1422 560
1154 1302 220 1422 560
1155 1302 220 1422 560
1156 1302 220 1422 560
1157 1302 220 1422 560
1158 1302 220 1422 560
1159 1302 220 1422 560
1160 1302 220 1422 560
1161 1302 220 1422 560
1162 1302 220 1422 560
1163 1302 220 1422 560
1164 1302 220 1422 560
1165 1302 220 1422 560
1166 1302 220 1422 560
1167 1302 220 1422 560
1168 1302 220 1422 560
1169 1302 220 1422 560
1170 1302 220 1422 560
1171 1302 220 1422 560
1172 1302 220 1422 560
1173 1302 220 1422 560
1174 1302 220 1422 560
1175 1302 220 1422 560
1176 1302 220 1422 560
1177 1302 220 1422 560
1178 1302 220 1422 560
1179 1302 220 1422 560
1180 1302 220 1422 560
1181 1302 220 1422 560
1182 1302 220 1422 560
1183 1302 220 1422 560
1184 1302 220 1422 560
1185 1302 220 1422 560
1186 1302 220 1422 560
1187 1302 220 1422 560
1188 1302 220 1422 560
1189 1302 220 1422 560
1190 1302 220 1422 560
1191 1302 220 1422 560
1192 1302 220 1422 560
1193 1302 220 1422 560
1194 1302 220 1422 560
1195 1302 220 1422 560
1196 1302 220 1422 560
1197 1302 220 1422 560
1198 1302 220 1422 560
1199 1302 220 1422 560
1200 1302 220 1422 560
1201 1302 220 1422 560
1202 1302 220 1422 560
1203 1302 220 1422 560
1204 1302 220 1422 560
1205 1302 220 1422 560
1206 1302 220 1422 560
1207 1302 220 1422 560
1208 1302 220 1422 560
1209 1302 220 1422 560
1210 1302 220 1422 560
1211 1302 220 1422 560
1212 1302 220 1422 560
1213 1302 220 1422 560
1214 1302 220 1422 560
1215 1302 220 1422 560
1216 1302 220 1422 560
1217 1302 220 1422 560
1218 1302 220 1422 560
1219 1302 220 1422 560
1220 1302 220 1422 560
1221 1302 220 1422 560
1222 1302 220 1422 560
1223 1302 220 1422 560
1224 1302 220 1422 560
1225 1302 220 1422 560
1226 1302 220 1422 560
1227 1302 220 1422 560
1228 1302 220 1422 560
1229 1302 220 1422 560
1230 1302 220 1422 560
1231 1302 220 1422 560
1232 1302 220 1422 560
1233 1302 220 1422 560
1234 1302 220 1422 560
1235 1302 220 1422 560
1236 1302 220 1422 560
1237 1302 220 1422 560
1238 1302 220 1422 560
1239 1302 220 1422 560
1240 1302 220 1422 560
1241 1302 220 1422 560
1242 1302 220 1422 560
1243 1302 220 1422 560
1244 1302 220 1422 560
1245 1302 220 1422 560
1246 1302 220 1422 560
1247 1302 220 1422 560
1248 1302 220 1422 560
1249 1302 220 1422 560
1250 1302 220 1422 560
1251 1302 220 1422 560
1252 1302 220 1422 560
1253 1302 220 1422 560
1254 1302 220 1422 560
1255 1302 220 1422 560
1256 1302 220 1422 560
1257 1302 220 1422 560
1258 1302 220 1422 560
1259 1302 220 1422 560
1260 1302 220 1422 560
1261 1302 220 1422 560
1262 1302 220 1422 560
1263 1302 220 1422 560
1264 1302 220 1422 560
1265 1302 220 1422 560
1266 1302 220 1422 560
1267 1302 220 1422 560
1268 1302 220 1422 560
1269 1302 220 1422 560
1270 1302 220 1422 560
1271 1302 220 1422 560
1272 1302 220 1422 560
1273 1302 220 1422 560
1274 1302 220 1422 560
1275 1302 220 1422 560
1276 1302 220 1422 560
1277 1302 220 1422 560
1278 1302 220 1422 560
1279 1302 220 1422 560
1280 1302 220 1422 560
1281 1302 220 1422 560
1282 1302 220 1422 560
1283 1302 220 1422 560
1284 1302 220 1422 560
1285 1302 220 1422 560
1286 1302 220 1422 560
1287 1302 220 1422 560
1288 1302 220 1422 560
1289 1302 220 1422 560
1290 1302 220 1422 560
1291 1302 220 1422 560
1292 1302 220 1422 560
1293 1302 220 1422 560
1294 1302 220 1422 560
1295 1302 220 1422 560
1296 1302 220 1422 560
1297 1302 220 1422 560
1298 1302 220 1422 560
1299 1302 220 1422 560
1300 1302 220 1422 560
1301 1302 220 1422 560
1302 1302 220 1422 560
1303 1302 220 1422 560
1304 1302 220 1422 560
1305 1302 220 1422 560
1306 1302 220 1422 560
1307 1302 220 1422 560
1308 1302 220 1422 560
1309 1302 220 1422 560
1310 1302 220 1422 560
1311 1302 220 1422 560
1312 1302 220 1422 560
1313 1302 220 1422 560
1314 1302 220 1422 560
1315 1302 220 1422 560
1316 1302 220 1422 560
1317 1302 220 1422 560
1318 1302 220 1422 560
1319 1302 220 1422 560
1320 1302 220 1422 560
1321 1302 220 1422 560
1322 1302 220 1422 560
1323 1302 220 1422 560
1324 1302 220 1422 560
1325 1302 220 1422 560
1326 1302 220 1422 560
1327 1302 220 1422 560
1328 1302 220 1422 560
1329 1302 220 1422 560
1330 1302 220 1422 560
1331 1302 220 1422 560
1332 1302 220 1422 560
1333 1302 220 1422 560
1334 1302 220 1422 560
1335 1302 220 1422 560
1336 1302 220 1422 560
1337 1302 220 1422 560
1338 1302 220 1422 560
1339 1302 220 1422 560
1340 1302 220 1422 560
1341 1302 220 1422 560
1342 1302 220 1422 560
1343 1302 220 1422 560
1344 1302 220 1422 560
1345 1302 220 1422 560
1346 1302 220 1422 560
1347 1302 220 1422 560
1348 1302 220 1422 560
1349 1302 220 1422 560
1350 1302 220 1422 560
1351 1302 220 1422 560
1352 1302 220 1422 560
1353 1302 220 1422 560
1354 1302 220 1422 560
1355 1302 220 1422 560
1356 1302 220 1422 560
1357 1302 220 1422 560
1358 1302 220 1422 560
1359 1302 220 1422 560
1360 1302 220 1422 560
1361 1302 220 1422 560
1362 1302 220 1422 560
1363 1302 220 1422 560
1364 1302 220 1422 560
1365 1302 220 1422 560
1366 1302 220 1422 560
1367 1302 220 1422 560
1368 1302 220 1422 560
1369 1302 220 1422 560
1370 1302 220 1422 560
1371 1302 220 1422 560
1372 1302 220 1422 560
1373 1302 220 1422 560
1374 1302 220 1422 560
1375 1302 220 1422 560
1376 1302 220 1422 560
1377 1302 220 1422 560
1378 1302 220 1422 560
1379 1302 220 1422 560
1380 1302 220 1422 560
1381 1302 220 1422 560
1382 1302 220 1422 560
1383 1302 220 1422 560
1384 1302 220 1422 560
1385 1302 220 1422 560
1386 1302 220 1422 560
1387 1302 220 1422 560
1388 1302 220 1422 560
1389 1302 220 1422 560
1390 1302 220 1422 560
1391 1302 220 1422 560
1392 1302 220 1422 560
1393 1302 220 1422 560
1394 1302 220 1422 560
1395 1302 220 1422 560
1396 1302 220 1422 560
1397 1302 220 1422 560
1398 1302 220 1422 560
1399 1302 220 1422 560
1400 1302 220 1422 560
1401 1302 220 1422 560
1402 1302 220 1422 560
1403 1302 220 1422 560
1404 1302 220 1422 560
1405 1302 220 1422 560
1406 1302 220 1422 560
1407 1302 220 1422 560
1408 1302 220 1422 560
1409 1302 220 1422 560
1410 1302 220 1422 560
1411 1302 220 1422 560
1412 1302 220 1422 560
1413 1302 220 1422 560
1414 1302 220 1422 560
1415 1302 220 1422 560
1416 1302 220 1422 560
1417 1302 220 1422 560
1418 1302 220 1422 560
1419 1302 220 1422 560
1420 1302 220 1422 560
1421 1302 220 1422 560
1422 1302 220 1422 560
1423 1302 220 1422 560
1424 1302 220 1422 560
1425 1302 220 1422 560
1426 1302 220 1422 560
1427 1302 220 1422 560
1428 1302 220 1422 560
1429 1302 220 1422 560
1430 1302 220 1422 560
1431 1302 220 1422 560
1432 1302 220 1422 560
1433 1302 220 1422 560
1434 1302 220 1422 560
1435 1302 220 1422 560
1436 1302 220 1422 560
1437 1302 220 1422 560
1438 1302 220 1422 560
1439 1302 220 1422 560
1440 1302 220 1422 560
1441 1302 220 1422 560
1442 1302 220 1422 560
1443 1302 220 1422 560
1444 1302 220 1422 560
1445 1302 220 1422 560
1446 1302 220 1422 560
1447 1302 220 1422 560
1448 1302 220 1422 560
1449 1302 220 1422 560
1450 1302 220 1422 560
1451 1302 220 1422 560
1452 1302 220 1422 560
1453 1302 220 1422 560
1454 1302 220 1422 560
1455 1302 220 1422 560
1456 1302 220 1422 560
1457 1302 220 1422 560
1458 1302 220 1422 560
1459 1302 220 1422 560
1460 1302 220 1422 560
1461 1302 220 1422 560
1462 1302 220 1422 560
1463 1302 220 1422 560
1464 1302 220 1422 560
1465 1302 220 1422 560
1466 1302 220 1422 560
1467 1302 220 1422 560
1468 1302 220 1422 560
1469 1302 220 1422 560
1470 1302 220 1422 560
1471 1302 220 1422 560
1472 1302 220 1422 560
1473 1302 220 1422 560
1474 1302 220 1422 560
1475 1302 220 1422 560
1476 1302 220 1422 560
1477 1302 220 1422 560
1478 1302 220 1422 560
1479 1302 220 1422 560
1480 1302 220 1422 560
1481 1302 220 1422 560
1482 1302 220 1422 560
1483 1302 220 1422 560
1484 1302 220 1422 560
1485 1302 220 1422 560
1486 1302 220 1422 560
1487 1302 220 1422 560
1488 1302 220 1422 560
1489 1302 220 1422 560
1490 1302 220 1422 560
1491 1302 220 1422 560
1492 1302 220 1422 560
1493 1302 220 1422 560
1494 1302 220 1422 560
1495 1302 220 1422 560
1496 1302 220 1422 560
1497 1302 220 1422 560
1498 1302 220 1422 560
1499 1302 220 1422 560
1500 1302 220 1422 560
1501 1302 220 1422 560
1502 1302 220 1422 560
1503 1302 220 1422 560
1504 1302 220 1422 560
1505 1302 220 1422 560
1506 1302 220 1422 560
1507 1302 220 1422 560
1508 1302 220 1422 560
1509 1302 220 1422 560
1510 1302 220 1422 560
1511 1302 220 1422 560
1512 1302 220 1422 560
1513 1302 220 1422 560
1514 1302 220 1422 560
1515 1302 220 1422 560
1516 1302 220 1422 560
1517 1302 220 1422 560
1518 1302 220 1422 560
1519 1302 220 1422 560
1520 1302 220 1422 560
1521 1302 220 1422 560
1522 1302 220 1422 560
1523 1302 220 1422 560
1524 1302 220 1422 560
1525 1302 220 1422 560
1526 1302 220 1422 560
1527 1302 220 1422 560
1528 1302 220 1422 560
1529 1302 220 1422 560
1530 1302 220 1422 560
1531 1302 220 1422 560
1532 1302 220 1422 560
1533 1302 220 1422 560
1534 1302 220 1422 560
1535 1302 220 1422 560
1536 1302 220 1422 560
1537 1302 220 1422 560
1538 1302 220 1422 560
1539 1302 220 1422 560
1540 1302 220 1422 560
1541 1302 220 1422 560
1542 1302 220 1422 560
1543 1302 220 1422 560
1544 1302 220 1422 560
1545 1302 220 1422 560
1546 1302 220 1422 560
1547 1302 220 1422 560
1548 1302 220 1422 560
1549 1302 220 1422 560
1550 1302 220 1422 560
1551 1302 220 1422 560
1552 1302 220 1422 560
1553 1302 220 1422 560
1554 1302 220 1422 560
1555 1302 220 1422 560
1556 1302 220 1422 560
1557 1302 220 1422 560
1558 1302 220 1422 560
1559 1302 220 1422 560
1560 1302 220 1422 560
1561 1302 220 1422 560
1562 1302 220 1422 560
1563 1302 220 1422 560
1564 1302 220 1422 560
1565 1302 220 1422 560
1566 1302 220 1422 560
1567 1302 220 1422 560
1568 1302 220 1422 560
1569 1302 220 1422 560
1570 1302 220 1422 560
1571 1302 220 1422 560
1572 1302 220 1422 560
1573 1302 220 1422 560
1574 1302 220 1422 560
1575 1302 220 1422 560
1576 1302 220 1422 560
1577 1302 220 1422 560
1578 1302 220 1422 560
1579 1302 220 1422 560
1580 1302 220 1422 560
1581 1302 220 1422 560
1582 1302 220 1422 560
1583 1302 220 1422 560
1584 1302 220 1422 560
1585 1302 220 1422 560
1586 1302 220 1422 560
1587 1302 220 1422 560
1588 1302 220 1422 560
1589 1302 220 1422 560
1590 1302 220 1422 560
1591 1302 220 1422 560
1592 1302 220 1422 560
1593 1302 220 1422 560
1594 1302 220 1422 560
1595 1302 220 1422 560
1596 1302 220 1422 560
1597 1302 220 1422 560
1598 1302 220 1422 560
1599 1302 220 1422 560
1600 1302 220 1422 560
1601 1302 220 1422 560
1602 1302 220 1422 560
1603 1302 220 1422 560
1604 1302 220 1422 560
1605 1302 220 1422 560
1606 1302 220 1422 560
1607 1302 220 1422 560
1608 1302 220 1422 560
1609 1302 220 1422 560
1610 1302 220 1422 560
1611 1302 220 1422 560
1612 1302 220 1422 560
1613 1302 220 1422 560
1614 1302 220 1422 560
1615 1302 220 1422 560
1616 1302 220 1422 560
1617 1302 220 1422 560
1618 1302 220 1422 560
1619 1302 220 1422 560
1620 1302 220 1422 560
1621 1302 220 1422 560
1622 1302 220 1422 560
1623 1302 220 1422 560
1624 1302 220 1422 560
1625 1302 220 1422 560
1626 1302 220 1422 560
1627 1302 220 1422 560
1628 1302 220 1422 560
1629 1302 220 1422 560
1630 1302 220 1422 560
1631 1302 220 1422 560
1632 1302 220 1422 560
1633 1302 220 1422 560
1634 1302 220 1422 560
1635 1302 220 1422 560
1636 1302 220 1422 560
1637 1302 220 1422 560
1638 1302 220 1422 560
1639 1302 220 1422 560
1640 1302 220 1422 560
1641 1302 220 1422 560
1642 1302 220 1422 560
1643 1302 220 1422 560
1644 1302 220 1422 560
1645 1302 220 1422 560
1646 1302 220 1422 560
1647 1302 220 1422 560
1648 1302 220 1422 560
1649 1302 220 1422 560
1650 1302 220 1422 560
1651 1302 220 1422 560
1652 1302 220 1422 560
1653 1302 220 1422 560
1654 1302 220 1422 560
1655 1302 220 1422 560
1656 1302 220 1422 560
1657 1302 220 1422 560
1658 1302 220 1422 560
1659 1302 220 1422 560
1660 1302 220 1422 560
1661 1302 220 1422 560
1662 1302 220 1422 560
1663 1302 220 1422 560
1664 1302 220 1422 560
1665 1302 220 1422 560
1666 1302 220 1422 560
1667 1302 220 1422 560
1668 1302 220 1422 560
1669 1302 220 1422 560
1670 1302 220 1422 560
1671 1302 220 1422 560
1672 1302 220 1422 560
1673 1302 220 1422 560
1674 1302 220 1422 560
1675 1302 220 1422 560
1676 1302 220 1422 560
1677 1302 220 1422 560
1678 1302 220 1422 560
1679 1302 220 1422 560
1680 1302 220 1422 560
1681 1302 220 1422 560
1682 1302 220 1422 560
1683 1302 220 1422 560
1684 1302 220 1422 560
1685 1302 220 1422 560
1686 1302 220 1422 560
1687 1302 220 1422 560
1688 1302 220 1422 560
1689 1302 220 1422 560
1690 1302 220 1422 560
1691 1302 220 1422 560
1692 1302 220 1422 560
1693 1302 220 1422 560
1694 1302 220 1422 560
1695 1302 220 1422 560
1696 1302 220 1422 560
1697 1302 220 1422 560
1698 1302 220 1422 560
1699 1302 220 1422 560
1700 1302 220 1422 560
1701 1302 220 1422 560
1702 1302 220 1422 560
1703 1302 220 1422 560
1704 1302 220 1422 560
1705 1302 220 1422 560
1706 1302 220 1422 560
1707 1302 220 1422 560
1708 1302 220 1422 560
1709 1302 220 1422 560
1710 1302 220 1422 560
1711 1302 220 1422 560
1712 1302 220 1422 560
1713 1302 220 1422 560
1714 1302 220 1422 560
1715 1302 220 1422 560
1716 1302 220 1422 560
1717 1302 220 1422 560
1718 1302 220 1422 560
1719 1302 220 1422 560
1720 1302 220 1422 560
1721 1302 220 1422 560
1722 1302 220 1422 560
1723 1302 220 1422 560
1724 1302 220 1422 560
1725 1302 220 1422 560
1726 1302 220 1422 560
1727 1302 220 1422 560
1728 1302 220 1422 560
1729 1302 220 1422 560
1730 1302 220 1422 560
1731 1302 220 1422 560
1732 1302 220 1422 560
1733 1302 220 1422 560
1734 1302 220 1422 560
1735 1302 220 1422 560
1736 1302 220 1422 560
1737 1302 220 1422 560
1738 1302 220 1422 560
